	231	232
Germ-Control-a_S190.16S.R1	1.0	19724.0
	196	197	198	199	200	201	202	203	204	205	206	207	208	209	210	211	212	213	214	215	216	217	218	219	220	221	222	223	224	225	226	227	228	229	230	231	232
Germ-Control-a_S190.16S.R2	1.0	0.0	0.0	0.0	0.0	0.0	0.0	0.0	0.0	0.0	0.0	0.0	0.0	0.0	0.0	0.0	0.0	0.0	0.0	0.0	0.0	0.0	0.0	0.0	0.0	0.0	0.0	0.0	0.0	0.0	0.0	0.0	0.0	0.0	1.0	19720.0	3.0
	231	232
Germ-Control-b_S197.16S.R1	1.0	18377.0
	230	231	232
Germ-Control-b_S197.16S.R2	2.0	18372.0	4.0
	232
Germ-Control-c_S204.16S.R1	17188.0
	231	232
Germ-Control-c_S204.16S.R2	17184.0	4.0
	231	232
Germ-Mock-a_S171.16S.R1	1.0	16585.0
	231	232
Germ-Mock-a_S171.16S.R2	16582.0	4.0
	232
Germ-P2S2-ACN-a_S165.16S.R1	23486.0
	230	231	232
Germ-P2S2-ACN-a_S165.16S.R2	3.0	23477.0	6.0
	231	232
Germ-P2S2-ACN-b_S166.16S.R1	2.0	24179.0
	230	231	232
Germ-P2S2-ACN-b_S166.16S.R2	5.0	24164.0	12.0
	231	232
Germ-P2S2-ACN-c_S167.16S.R1	1.0	21099.0
	230	231	232
Germ-P2S2-ACN-c_S167.16S.R2	2.0	21089.0	9.0
	231	232
Germ-P2S2-Chanvre-a_S217.16S.R1	1.0	20152.0
	230	231	232
Germ-P2S2-Chanvre-a_S217.16S.R2	1.0	20147.0	5.0
	232
Germ-P2S2-Chanvre-b_S218.16S.R1	20691.0
	231	232
Germ-P2S2-Chanvre-b_S218.16S.R2	20685.0	6.0
	232
Germ-P2S2-Chanvre-c_S219.16S.R1	20109.0
	230	231	232
Germ-P2S2-Chanvre-c_S219.16S.R2	1.0	20098.0	10.0
	231	232
Germ-P2S2-Colza-a_S191.16S.R1	1.0	21183.0
	230	231	232
Germ-P2S2-Colza-a_S191.16S.R2	4.0	21177.0	3.0
	231	232
Germ-P2S2-Colza-b_S192.16S.R1	3.0	21015.0
	231	232
Germ-P2S2-Colza-b_S192.16S.R2	21014.0	4.0
	231	232
Germ-P2S2-Colza-c_S193.16S.R1	2.0	19421.0
	231	232
Germ-P2S2-Colza-c_S193.16S.R2	19422.0	1.0
	231	232
Germ-P2S2-Colza-myro-a_S194.16S.R1	3.0	20551.0
	230	231	232
Germ-P2S2-Colza-myro-a_S194.16S.R2	3.0	20546.0	5.0
	231	232
Germ-P2S2-Colza-myro-b_S195.16S.R1	3.0	20135.0
	230	231	232
Germ-P2S2-Colza-myro-b_S195.16S.R2	4.0	20131.0	3.0
	231	232
Germ-P2S2-Colza-myro-c_S196.16S.R1	1.0	21935.0
	230	231	232
Germ-P2S2-Colza-myro-c_S196.16S.R2	2.0	21923.0	11.0
	231	232
Germ-P2S2-GR24-a_S168.16S.R1	1.0	18941.0
	230	231	232
Germ-P2S2-GR24-a_S168.16S.R2	3.0	18935.0	4.0
	232
Germ-P2S2-GR24-b_S169.16S.R1	19066.0
	231	232
Germ-P2S2-GR24-b_S169.16S.R2	19061.0	5.0
	231	232
Germ-P2S2-GR24-c_S170.16S.R1	1.0	19290.0
	230	231	232
Germ-P2S2-GR24-c_S170.16S.R2	1.0	19283.0	7.0
	232
Germ-P2S2-Tabac-a_S220.16S.R1	20521.0
	230	231	232
Germ-P2S2-Tabac-a_S220.16S.R2	5.0	20513.0	3.0
	231	232
Germ-P2S2-Tabac-b_S221.16S.R1	1.0	17578.0
	231	232
Germ-P2S2-Tabac-b_S221.16S.R2	17573.0	6.0
	232
Germ-P2S2-Tabac-c_S222.16S.R1	20017.0
	231	232
Germ-P2S2-Tabac-c_S222.16S.R2	20010.0	7.0
	209	210	211	212	213	214	215	216	217	218	219	220	221	222	223	224	225	226	227	228	229	230	231	232
Germ-P3S2-ACN-a_S172.16S.R1	1.0	0.0	0.0	0.0	0.0	0.0	0.0	0.0	0.0	0.0	0.0	0.0	0.0	0.0	0.0	0.0	0.0	0.0	0.0	0.0	0.0	0.0	0.0	22945.0
	231	232
Germ-P3S2-ACN-a_S172.16S.R2	22936.0	10.0
	232
Germ-P3S2-ACN-b_S173.16S.R1	20408.0
	230	231	232
Germ-P3S2-ACN-b_S173.16S.R2	2.0	20401.0	5.0
	231	232
Germ-P3S2-ACN-c_S174.16S.R1	4.0	18604.0
	230	231	232
Germ-P3S2-ACN-c_S174.16S.R2	3.0	18603.0	2.0
	232
Germ-P3S2-Chanvre-a_S223.16S.R1	25472.0
	230	231	232
Germ-P3S2-Chanvre-a_S223.16S.R2	5.0	25461.0	6.0
	231	232
Germ-P3S2-Chanvre-b_S224.16S.R1	2.0	22240.0
	230	231	232
Germ-P3S2-Chanvre-b_S224.16S.R2	3.0	22233.0	6.0
	232
Germ-P3S2-Chanvre-c_S225.16S.R1	20933.0
	230	231	232
Germ-P3S2-Chanvre-c_S225.16S.R2	2.0	20919.0	12.0
	232
Germ-P3S2-Colza-a_S198.16S.R1	21510.0
	231	232
Germ-P3S2-Colza-a_S198.16S.R2	21500.0	10.0
	231	232
Germ-P3S2-Colza-b_S199.16S.R1	1.0	21685.0
	230	231	232
Germ-P3S2-Colza-b_S199.16S.R2	1.0	21678.0	7.0
	231	232
Germ-P3S2-Colza-c_S200.16S.R1	1.0	20730.0
	231	232
Germ-P3S2-Colza-c_S200.16S.R2	20726.0	5.0
	231	232
Germ-P3S2-Colza-myro-a_S201.16S.R1	5.0	20411.0
	230	231	232
Germ-P3S2-Colza-myro-a_S201.16S.R2	1.0	20411.0	4.0
	232
Germ-P3S2-Colza-myro-b_S202.16S.R1	19438.0
	230	231	232
Germ-P3S2-Colza-myro-b_S202.16S.R2	2.0	19434.0	2.0
	231	232
Germ-P3S2-Colza-myro-c_S203.16S.R1	2.0	19379.0
	230	231	232
Germ-P3S2-Colza-myro-c_S203.16S.R2	4.0	19372.0	5.0
	232
Germ-P3S2-GR24-a_S175.16S.R1	18929.0
	230	231	232
Germ-P3S2-GR24-a_S175.16S.R2	3.0	18923.0	3.0
	231	232
Germ-P3S2-GR24-b_S176.16S.R1	1.0	18127.0
	230	231	232
Germ-P3S2-GR24-b_S176.16S.R2	5.0	18121.0	2.0
	232
Germ-P3S2-GR24-c_S177.16S.R1	19061.0
	230	231	232
Germ-P3S2-GR24-c_S177.16S.R2	1.0	19054.0	6.0
	231	232
Germ-P3S2-Tabac-a_S226.16S.R1	1.0	20067.0
	230	231	232
Germ-P3S2-Tabac-a_S226.16S.R2	2.0	20062.0	4.0
	232
Germ-P3S2-Tabac-b_S227.16S.R1	21440.0
	230	231	232
Germ-P3S2-Tabac-b_S227.16S.R2	4.0	21429.0	7.0
	231	232
Germ-P3S2-Tabac-c_S228.16S.R1	1.0	21208.0
	230	231	232
Germ-P3S2-Tabac-c_S228.16S.R2	3.0	21201.0	5.0
	231	232
Germ-P4S1-ACN-a_S178.16S.R1	3.0	23985.0
	195	196	197	198	199	200	201	202	203	204	205	206	207	208	209	210	211	212	213	214	215	216	217	218	219	220	221	222	223	224	225	226	227	228	229	230	231	232
Germ-P4S1-ACN-a_S178.16S.R2	1.0	0.0	0.0	0.0	0.0	0.0	0.0	0.0	0.0	0.0	0.0	0.0	0.0	0.0	0.0	0.0	0.0	0.0	0.0	0.0	0.0	0.0	0.0	0.0	0.0	0.0	0.0	0.0	0.0	0.0	0.0	0.0	0.0	0.0	0.0	2.0	23979.0	6.0
	231	232
Germ-P4S1-ACN-b_S179.16S.R1	1.0	24309.0
	231	232
Germ-P4S1-ACN-b_S179.16S.R2	24303.0	7.0
	231	232
Germ-P4S1-ACN-c_S180.16S.R1	3.0	22825.0
	230	231	232
Germ-P4S1-ACN-c_S180.16S.R2	6.0	22816.0	6.0
	231	232
Germ-P4S1-Chanvre-a_S229.16S.R1	1.0	25554.0
	230	231	232
Germ-P4S1-Chanvre-a_S229.16S.R2	4.0	25546.0	5.0
	229	230	231	232
Germ-P4S1-Chanvre-b_S230.16S.R1	1.0	0.0	1.0	21440.0
	230	231	232
Germ-P4S1-Chanvre-b_S230.16S.R2	2.0	21437.0	3.0
	231	232
Germ-P4S1-Chanvre-c_S231.16S.R1	1.0	22260.0
	230	231	232
Germ-P4S1-Chanvre-c_S231.16S.R2	2.0	22253.0	6.0
	231	232
Germ-P4S1-Colza-a_S205.16S.R1	1.0	20980.0
	230	231	232
Germ-P4S1-Colza-a_S205.16S.R2	6.0	20972.0	3.0
	231	232
Germ-P4S1-Colza-b_S206.16S.R1	1.0	20603.0
	230	231	232
Germ-P4S1-Colza-b_S206.16S.R2	3.0	20598.0	3.0
	232
Germ-P4S1-Colza-c_S207.16S.R1	18617.0
	230	231	232
Germ-P4S1-Colza-c_S207.16S.R2	1.0	18608.0	8.0
	231	232
Germ-P4S1-Colza-myro-a_S208.16S.R1	3.0	19450.0
	230	231
Germ-P4S1-Colza-myro-a_S208.16S.R2	4.0	19449.0
	232
Germ-P4S1-Colza-myro-b_S209.16S.R1	19078.0
	230	231	232
Germ-P4S1-Colza-myro-b_S209.16S.R2	2.0	19069.0	7.0
	232
Germ-P4S1-Colza-myro-c_S210.16S.R1	20587.0
	230	231	232
Germ-P4S1-Colza-myro-c_S210.16S.R2	2.0	20579.0	6.0
	231	232
Germ-P4S1-GR24-a_S181.16S.R1	1.0	22722.0
	231	232
Germ-P4S1-GR24-a_S181.16S.R2	22713.0	10.0
	231	232
Germ-P4S1-GR24-b_S182.16S.R1	3.0	23450.0
	230	231	232
Germ-P4S1-GR24-b_S182.16S.R2	6.0	23439.0	8.0
	231	232
Germ-P4S1-GR24-c_S183.16S.R1	1.0	23173.0
	230	231	232
Germ-P4S1-GR24-c_S183.16S.R2	3.0	23165.0	6.0
	232
Germ-P4S1-Tabac-a_S232.16S.R1	22251.0
	230	231	232
Germ-P4S1-Tabac-a_S232.16S.R2	2.0	22244.0	5.0
	231	232
Germ-P4S1-Tabac-b_S233.16S.R1	1.0	19825.0
	230	231	232
Germ-P4S1-Tabac-b_S233.16S.R2	2.0	19818.0	6.0
	232
Germ-P4S1-Tabac-c_S234.16S.R1	23376.0
	230	231	232
Germ-P4S1-Tabac-c_S234.16S.R2	2.0	23368.0	6.0
	231	232
Germ-P6S1-ACN-a_S184.16S.R1	2.0	22117.0
	231	232
Germ-P6S1-ACN-a_S184.16S.R2	22114.0	5.0
	231	232
Germ-P6S1-ACN-b_S185.16S.R1	2.0	21657.0
	230	231	232
Germ-P6S1-ACN-b_S185.16S.R2	6.0	21649.0	4.0
	231	232
Germ-P6S1-ACN-c_S186.16S.R1	1.0	18503.0
	230	231	232
Germ-P6S1-ACN-c_S186.16S.R2	3.0	18496.0	5.0
	231	232
Germ-P6S1-Chanvre-a_S235.16S.R1	3.0	21401.0
	231	232
Germ-P6S1-Chanvre-a_S235.16S.R2	21395.0	9.0
	231	232
Germ-P6S1-Chanvre-b_S236.16S.R1	1.0	22136.0
	230	231	232
Germ-P6S1-Chanvre-b_S236.16S.R2	6.0	22126.0	5.0
	190	191	192	193	194	195	196	197	198	199	200	201	202	203	204	205	206	207	208	209	210	211	212	213	214	215	216	217	218	219	220	221	222	223	224	225	226	227	228	229	230	231	232
Germ-P6S1-Chanvre-c_S237.16S.R1	1.0	0.0	0.0	0.0	0.0	0.0	0.0	0.0	0.0	0.0	0.0	0.0	0.0	0.0	0.0	0.0	0.0	0.0	0.0	0.0	0.0	0.0	0.0	0.0	0.0	0.0	0.0	0.0	0.0	0.0	0.0	0.0	0.0	0.0	0.0	0.0	0.0	0.0	0.0	0.0	0.0	1.0	23062.0
	230	231	232
Germ-P6S1-Chanvre-c_S237.16S.R2	2.0	23055.0	7.0
	231	232
Germ-P6S1-Colza-a_S211.16S.R1	1.0	26144.0
	230	231	232
Germ-P6S1-Colza-a_S211.16S.R2	4.0	26135.0	6.0
	232
Germ-P6S1-Colza-b_S212.16S.R1	23850.0
	230	231	232
Germ-P6S1-Colza-b_S212.16S.R2	5.0	23837.0	8.0
	231	232
Germ-P6S1-Colza-c_S213.16S.R1	2.0	21981.0
	230	231	232
Germ-P6S1-Colza-c_S213.16S.R2	2.0	21976.0	5.0
	231	232
Germ-P6S1-Colza-myro-a_S214.16S.R1	3.0	19319.0
	230	231	232
Germ-P6S1-Colza-myro-a_S214.16S.R2	2.0	19316.0	4.0
	231	232
Germ-P6S1-Colza-myro-b_S215.16S.R1	1.0	21014.0
	230	231	232
Germ-P6S1-Colza-myro-b_S215.16S.R2	2.0	21004.0	9.0
	231	232
Germ-P6S1-Colza-myro-c_S216.16S.R1	2.0	22263.0
	230	231	232
Germ-P6S1-Colza-myro-c_S216.16S.R2	3.0	22258.0	4.0
	231	232
Germ-P6S1-GR24-a_S187.16S.R1	1.0	20152.0
	231	232
Germ-P6S1-GR24-a_S187.16S.R2	20143.0	10.0
	231	232
Germ-P6S1-GR24-b_S188.16S.R1	3.0	19407.0
	230	231	232
Germ-P6S1-GR24-b_S188.16S.R2	4.0	19399.0	7.0
	232
Germ-P6S1-GR24-c_S189.16S.R1	19175.0
	230	231	232
Germ-P6S1-GR24-c_S189.16S.R2	2.0	19168.0	5.0
	232
Germ-P6S1-Tabac-a_S238.16S.R1	23041.0
	230	231	232
Germ-P6S1-Tabac-a_S238.16S.R2	4.0	23033.0	4.0
	231	232
Germ-P6S1-Tabac-b_S239.16S.R1	2.0	23904.0
	231	232
Germ-P6S1-Tabac-b_S239.16S.R2	23903.0	3.0
	231	232
Germ-P6S1-Tabac-c_S240.16S.R1	2.0	22716.0
	230	231	232
Germ-P6S1-Tabac-c_S240.16S.R2	2.0	22712.0	4.0
	232
Seed-Control-a_S80.16S.R1	28699.0
	230	231	232
Seed-Control-a_S80.16S.R2	1.0	28691.0	7.0
	231	232
Seed-H2O-a_S8.16S.R1	1.0	23904.0
	230	231	232
Seed-H2O-a_S8.16S.R2	1.0	23900.0	4.0
	232
Seed-H2O-b_S16.16S.R1	23610.0
	230	231	232
Seed-H2O-b_S16.16S.R2	4.0	23599.0	7.0
	231	232
Seed-H2O-c_S24.16S.R1	1.0	26262.0
	230	231	232
Seed-H2O-c_S24.16S.R2	3.0	26253.0	7.0
	231	232
Seed-Mock-a_S79.16S.R1	1.0	17499.0
	230	231	232
Seed-Mock-a_S79.16S.R2	1.0	17493.0	6.0
	214	215	216	217	218	219	220	221	222	223	224	225	226	227	228	229	230	231	232
Seed-P1S1-a_S1.16S.R1	1.0	0.0	0.0	0.0	0.0	0.0	0.0	0.0	0.0	0.0	0.0	0.0	0.0	0.0	0.0	0.0	0.0	1.0	26853.0
	230	231	232
Seed-P1S1-a_S1.16S.R2	5.0	26846.0	4.0
	231	232
Seed-P1S1-b_S9.16S.R1	1.0	25605.0
	230	231	232
Seed-P1S1-b_S9.16S.R2	4.0	25597.0	5.0
	231	232
Seed-P1S1-c_S17.16S.R1	1.0	24784.0
	230	231	232
Seed-P1S1-c_S17.16S.R2	1.0	24777.0	7.0
	231	232
Seed-P1S2-a_S25.16S.R1	3.0	21855.0
	231	232
Seed-P1S2-a_S25.16S.R2	21849.0	9.0
	231	232
Seed-P1S2-b_S33.16S.R1	2.0	19420.0
	230	231	232
Seed-P1S2-b_S33.16S.R2	4.0	19410.0	8.0
	232
Seed-P1S2-c_S41.16S.R1	19304.0
	230	231	232
Seed-P1S2-c_S41.16S.R2	3.0	19296.0	5.0
	231	232
Seed-P1S3-a_S49.16S.R1	1.0	21369.0
	230	231	232
Seed-P1S3-a_S49.16S.R2	1.0	21367.0	2.0
	231	232
Seed-P1S3-b_S57.16S.R1	2.0	27005.0
	230	231	232
Seed-P1S3-b_S57.16S.R2	4.0	26993.0	10.0
	107	112	117	122	127	132	137	142	147	152	157	162	167	172	177	182	187	192	197	202	207	212	217	222	227	231
Seed-P1S3-c_S65.16S.R1	2.0	0.0	0.0	0.0	0.0	0.0	0.0	0.0	0.0	0.0	0.0	0.0	0.0	0.0	0.0	0.0	0.0	0.0	0.0	0.0	0.0	0.0	0.0	0.0	0.0	21850.0
	230	231	232
Seed-P1S3-c_S65.16S.R2	1.0	21846.0	5.0
	231	232
Seed-P1S4-a_S73.16S.R1	2.0	25152.0
	230	231	232
Seed-P1S4-a_S73.16S.R2	4.0	25144.0	6.0
	231	232
Seed-P1S4-b_S81.16S.R1	3.0	25130.0
	230	231	232
Seed-P1S4-b_S81.16S.R2	1.0	25129.0	3.0
	231	232
Seed-P1S4-c_S88.16S.R1	3.0	30472.0
	230	231	232
Seed-P1S4-c_S88.16S.R2	2.0	30458.0	15.0
	231	232
Seed-P2S1-a_S2.16S.R1	3.0	23717.0
	230	231	232
Seed-P2S1-a_S2.16S.R2	4.0	23708.0	8.0
	232
Seed-P2S1-b_S10.16S.R1	22864.0
	230	231	232
Seed-P2S1-b_S10.16S.R2	1.0	22856.0	7.0
	231	232
Seed-P2S1-c_S18.16S.R1	2.0	16758.0
	230	231	232
Seed-P2S1-c_S18.16S.R2	1.0	16752.0	7.0
	231	232
Seed-P2S2-a_S26.16S.R1	2.0	17874.0
	230	231	232
Seed-P2S2-a_S26.16S.R2	1.0	17872.0	3.0
	231	232
Seed-P2S2-b_S34.16S.R1	1.0	19465.0
	230	231	232
Seed-P2S2-b_S34.16S.R2	1.0	19458.0	7.0
	231	232
Seed-P2S2-c_S42.16S.R1	1.0	21450.0
	230	231	232
Seed-P2S2-c_S42.16S.R2	1.0	21446.0	4.0
	232
Seed-P2S3-a_S50.16S.R1	20903.0
	230	231	232
Seed-P2S3-a_S50.16S.R2	2.0	20894.0	7.0
	232
Seed-P2S3-b_S58.16S.R1	25231.0
	231	232
Seed-P2S3-b_S58.16S.R2	25227.0	4.0
	232
Seed-P2S3-c_S66.16S.R1	22417.0
	230	231	232
Seed-P2S3-c_S66.16S.R2	1.0	22408.0	8.0
	231	232
Seed-P2S4-a_S74.16S.R1	1.0	24131.0
	230	231	232
Seed-P2S4-a_S74.16S.R2	4.0	24121.0	7.0
	231	232
Seed-P2S4-b_S82.16S.R1	1.0	21706.0
	230	231	232
Seed-P2S4-b_S82.16S.R2	1.0	21702.0	4.0
	232
Seed-P2S4-c_S89.16S.R1	26502.0
	230	231	232
Seed-P2S4-c_S89.16S.R2	1.0	26490.0	11.0
	232
Seed-P3S1-a_S3.16S.R1	22183.0
	230	231	232
Seed-P3S1-a_S3.16S.R2	2.0	22174.0	7.0
	232
Seed-P3S1-b_S11.16S.R1	20729.0
	230	231	232
Seed-P3S1-b_S11.16S.R2	1.0	20725.0	3.0
	231	232
Seed-P3S1-c_S19.16S.R1	1.0	18321.0
	230	231	232
Seed-P3S1-c_S19.16S.R2	3.0	18313.0	6.0
	231	232
Seed-P3S2-a_S27.16S.R1	4.0	16492.0
	230	231	232
Seed-P3S2-a_S27.16S.R2	1.0	16492.0	3.0
	232
Seed-P3S2-b_S35.16S.R1	17126.0
	230	231	232
Seed-P3S2-b_S35.16S.R2	1.0	17119.0	6.0
	232
Seed-P3S2-c_S43.16S.R1	19377.0
	230	231	232
Seed-P3S2-c_S43.16S.R2	1.0	19370.0	6.0
	232
Seed-P3S3-a_S51.16S.R1	19695.0
	230	231	232
Seed-P3S3-a_S51.16S.R2	2.0	19686.0	7.0
	127	132	137	142	147	152	157	162	167	172	177	182	187	192	197	202	207	212	217	222	227	231
Seed-P3S3-b_S59.16S.R1	1.0	0.0	0.0	0.0	0.0	0.0	0.0	0.0	0.0	0.0	0.0	0.0	0.0	0.0	0.0	0.0	0.0	0.0	0.0	0.0	0.0	23642.0
	230	231	232
Seed-P3S3-b_S59.16S.R2	3.0	23631.0	9.0
	232
Seed-P3S3-c_S67.16S.R1	21619.0
	230	231	232
Seed-P3S3-c_S67.16S.R2	2.0	21612.0	5.0
	231	232
Seed-P3S4-a_S75.16S.R1	1.0	22236.0
	230	231	232
Seed-P3S4-a_S75.16S.R2	1.0	22231.0	5.0
	232
Seed-P3S4-b_S83.16S.R1	21139.0
	231	232
Seed-P3S4-b_S83.16S.R2	21132.0	7.0
	231	232
Seed-P3S4-c_S90.16S.R1	1.0	24631.0
	231	232
Seed-P3S4-c_S90.16S.R2	24620.0	12.0
	231	232
Seed-P3S5-a_S4.16S.R1	2.0	21439.0
	230	231	232
Seed-P3S5-a_S4.16S.R2	3.0	21432.0	6.0
	231	232
Seed-P3S5-b_S12.16S.R1	1.0	22560.0
	231	232
Seed-P3S5-b_S12.16S.R2	22558.0	3.0
	232
Seed-P3S5-c_S20.16S.R1	18907.0
	230	231	232
Seed-P3S5-c_S20.16S.R2	2.0	18899.0	6.0
	231	232
Seed-P4S1-a_S28.16S.R1	2.0	19371.0
	231	232
Seed-P4S1-a_S28.16S.R2	19370.0	3.0
	232
Seed-P4S1-b_S36.16S.R1	17205.0
	230	231	232
Seed-P4S1-b_S36.16S.R2	1.0	17202.0	2.0
	231	232
Seed-P4S1-c_S44.16S.R1	2.0	19290.0
	230	231	232
Seed-P4S1-c_S44.16S.R2	1.0	19287.0	4.0
	231	232
Seed-P4S2-a_S52.16S.R1	1.0	20926.0
	230	231	232
Seed-P4S2-a_S52.16S.R2	3.0	20918.0	6.0
	232
Seed-P4S2-b_S60.16S.R1	25741.0
	230	231	232
Seed-P4S2-b_S60.16S.R2	2.0	25728.0	11.0
	232
Seed-P4S2-c_S68.16S.R1	27699.0
	230	231	232
Seed-P4S2-c_S68.16S.R2	3.0	27688.0	8.0
	231	232
Seed-P4S3-a_S76.16S.R1	1.0	23098.0
	230	231	232
Seed-P4S3-a_S76.16S.R2	3.0	23088.0	8.0
	231	232
Seed-P4S3-b_S84.16S.R1	1.0	20003.0
	230	231	232
Seed-P4S3-b_S84.16S.R2	3.0	19999.0	2.0
	232
Seed-P4S3-c_S91.16S.R1	25603.0
	230	231	232
Seed-P4S3-c_S91.16S.R2	3.0	25588.0	12.0
	231	232
Seed-P4S4-a_S5.16S.R1	3.0	16350.0
	230	231	232
Seed-P4S4-a_S5.16S.R2	3.0	16347.0	3.0
	232
Seed-P4S4-b_S13.16S.R1	20157.0
	230	231	232
Seed-P4S4-b_S13.16S.R2	6.0	20146.0	5.0
	107	112	117	122	127	132	137	142	147	152	157	162	167	172	177	182	187	192	197	202	207	212	217	222	227	231
Seed-P4S4-c_S21.16S.R1	1.0	0.0	0.0	0.0	0.0	0.0	0.0	0.0	0.0	0.0	0.0	0.0	0.0	0.0	0.0	0.0	0.0	0.0	0.0	0.0	0.0	0.0	0.0	0.0	0.0	18892.0
	230	231	232
Seed-P4S4-c_S21.16S.R2	4.0	18883.0	6.0
	231	232
Seed-P5S1-a_S29.16S.R1	1.0	18291.0
	230	231	232
Seed-P5S1-a_S29.16S.R2	4.0	18285.0	3.0
	231	232
Seed-P5S1-b_S37.16S.R1	2.0	17775.0
	230	231	232
Seed-P5S1-b_S37.16S.R2	2.0	17772.0	3.0
	231	232
Seed-P5S1-c_S45.16S.R1	2.0	20086.0
	230	231	232
Seed-P5S1-c_S45.16S.R2	1.0	20082.0	5.0
	231	232
Seed-P5S2-a_S53.16S.R1	3.0	24667.0
	230	231	232
Seed-P5S2-a_S53.16S.R2	4.0	24661.0	5.0
	231	232
Seed-P5S2-b_S61.16S.R1	2.0	22002.0
	230	231	232
Seed-P5S2-b_S61.16S.R2	3.0	21998.0	3.0
	232
Seed-P5S2-c_S69.16S.R1	24882.0
	230	231	232
Seed-P5S2-c_S69.16S.R2	3.0	24875.0	4.0
	112	117	122	127	132	137	142	147	152	157	162	167	172	177	182	187	192	197	202	207	212	217	222	227	231
Seed-P6S1-a_S77.16S.R1	1.0	0.0	0.0	0.0	0.0	0.0	0.0	0.0	0.0	0.0	0.0	0.0	0.0	0.0	0.0	0.0	0.0	0.0	0.0	0.0	0.0	0.0	0.0	0.0	23164.0
	230	231	232
Seed-P6S1-a_S77.16S.R2	2.0	23155.0	8.0
	231	232
Seed-P6S1-b_S85.16S.R1	1.0	20592.0
	230	231	232
Seed-P6S1-b_S85.16S.R2	1.0	20585.0	7.0
	231	232
Seed-P6S1-c_S92.16S.R1	4.0	25805.0
	231	232
Seed-P6S1-c_S92.16S.R2	25801.0	8.0
	232
Seed-P6S2-a_S6.16S.R1	19874.0
	230	231	232
Seed-P6S2-a_S6.16S.R2	4.0	19864.0	6.0
	231	232
Seed-P6S2-b_S14.16S.R1	2.0	20530.0
	230	231	232
Seed-P6S2-b_S14.16S.R2	1.0	20528.0	3.0
	231	232
Seed-P6S2-c_S22.16S.R1	2.0	18613.0
	230	231	232
Seed-P6S2-c_S22.16S.R2	4.0	18607.0	4.0
	231	232
Seed-P6S3-a_S30.16S.R1	3.0	18821.0
	230	231	232
Seed-P6S3-a_S30.16S.R2	3.0	18817.0	4.0
	232
Seed-P6S3-b_S38.16S.R1	17645.0
	230	231	232
Seed-P6S3-b_S38.16S.R2	3.0	17636.0	6.0
	232
Seed-P6S3-c_S46.16S.R1	19380.0
	230	231	232
Seed-P6S3-c_S46.16S.R2	1.0	19376.0	3.0
	231	232
Seed-P7S1-a_S54.16S.R1	2.0	23818.0
	230	231	232
Seed-P7S1-a_S54.16S.R2	4.0	23811.0	5.0
	232
Seed-P7S1-b_S62.16S.R1	19349.0
	230	231	232
Seed-P7S1-b_S62.16S.R2	2.0	19341.0	6.0
	231	232
Seed-P7S1-c_S70.16S.R1	2.0	28088.0
	230	231	232
Seed-P7S1-c_S70.16S.R2	2.0	28078.0	10.0
	231	232
Seed-P7S2-a_S78.16S.R1	1.0	23896.0
	230	231	232
Seed-P7S2-a_S78.16S.R2	1.0	23891.0	5.0
	231	232
Seed-P7S2-b_S86.16S.R1	1.0	18902.0
	230	231	232
Seed-P7S2-b_S86.16S.R2	2.0	18897.0	4.0
	231	232
Seed-P7S2-c_S93.16S.R1	1.0	27572.0
	230	231	232
Seed-P7S2-c_S93.16S.R2	3.0	27558.0	12.0
	231	232
Seed-P7S3-a_S7.16S.R1	1.0	22096.0
	230	231	232
Seed-P7S3-a_S7.16S.R2	2.0	22091.0	4.0
	231	232
Seed-P7S3-b_S15.16S.R1	1.0	19719.0
	230	231	232
Seed-P7S3-b_S15.16S.R2	3.0	19715.0	2.0
	210	211	212	213	214	215	216	217	218	219	220	221	222	223	224	225	226	227	228	229	230	231	232
Seed-P7S3-c_S23.16S.R1	1.0	0.0	0.0	0.0	0.0	0.0	0.0	0.0	0.0	0.0	0.0	0.0	0.0	0.0	0.0	0.0	0.0	0.0	0.0	0.0	0.0	2.0	16827.0
	230	231	232
Seed-P7S3-c_S23.16S.R2	2.0	16823.0	5.0
	232
Seed-P7S4-a_S31.16S.R1	17960.0
	230	231	232
Seed-P7S4-a_S31.16S.R2	1.0	17956.0	3.0
	232
Seed-P7S4-b_S39.16S.R1	17737.0
	230	231	232
Seed-P7S4-b_S39.16S.R2	2.0	17729.0	6.0
	231	232
Seed-P7S4-c_S47.16S.R1	1.0	19125.0
	230	231	232
Seed-P7S4-c_S47.16S.R2	4.0	19120.0	2.0
	231	232
Seed-PBS-a_S55.16S.R1	4.0	21409.0
	230	231	232
Seed-PBS-a_S55.16S.R2	1.0	21407.0	5.0
	107	112	117	122	127	132	137	142	147	152	157	162	167	172	177	182	187	192	197	202	207	212	217	222	227	231
Seed-PBS-b_S63.16S.R1	2.0	0.0	0.0	0.0	0.0	0.0	0.0	0.0	0.0	0.0	0.0	0.0	0.0	0.0	0.0	0.0	0.0	0.0	0.0	0.0	0.0	0.0	0.0	0.0	0.0	21764.0
	230	231	232
Seed-PBS-b_S63.16S.R2	1.0	21762.0	3.0
	107	112	117	122	127	132	137	142	147	152	157	162	167	172	177	182	187	192	197	202	207	212	217	222	227	231
Seed-PBS-c_S71.16S.R1	2.0	0.0	0.0	0.0	0.0	0.0	0.0	0.0	0.0	0.0	0.0	0.0	0.0	0.0	0.0	0.0	0.0	0.0	0.0	0.0	0.0	0.0	0.0	0.0	0.0	22242.0
	230	231	232
Seed-PBS-c_S71.16S.R2	3.0	22237.0	4.0
	231	232
Seed-Pram-120-a_S32.16S.R1	3.0	23076.0
	230	231	232
Seed-Pram-120-a_S32.16S.R2	1.0	23072.0	6.0
	231	232
Seed-Pram-120-b_S40.16S.R1	1.0	21040.0
	230	231	232
Seed-Pram-120-b_S40.16S.R2	1.0	21038.0	2.0
	231	232
Seed-Pram-120-c_S48.16S.R1	1.0	21558.0
	230	231	232
Seed-Pram-120-c_S48.16S.R2	3.0	21549.0	7.0
	185	186	187	188	189	190	191	192	193	194	195	196	197	198	199	200	201	202	203	204	205	206	207	208	209	210	211	212	213	214	215	216	217	218	219	220	221	222	223	224	225	226	227	228	229	230	231	232
Seed-Pram-120-d-a_S56.16S.R1	1.0	0.0	0.0	0.0	0.0	0.0	0.0	0.0	0.0	0.0	0.0	0.0	0.0	0.0	0.0	0.0	0.0	0.0	0.0	0.0	0.0	0.0	0.0	0.0	0.0	0.0	0.0	0.0	0.0	0.0	0.0	0.0	0.0	0.0	0.0	0.0	0.0	0.0	0.0	0.0	0.0	0.0	0.0	0.0	0.0	0.0	3.0	23273.0
	230	231	232
Seed-Pram-120-d-a_S56.16S.R2	3.0	23271.0	3.0
	232
Seed-Pram-120-d-b_S64.16S.R1	25846.0
	230	231	232
Seed-Pram-120-d-b_S64.16S.R2	3.0	25838.0	5.0
	231	232
Seed-Pram-120-d-c_S72.16S.R1	1.0	25547.0
	230	231	232
Seed-Pram-120-d-c_S72.16S.R2	3.0	25540.0	5.0
	232
Soil-Control-a_S154.16S.R1	22539.0
	231	232
Soil-Control-a_S154.16S.R2	22532.0	7.0
	231	232
Soil-Mock-a_S136.16S.R1	1.0	19050.0
	230	231	232
Soil-Mock-a_S136.16S.R2	3.0	19045.0	3.0
	231	232
Soil-P2S1-a_S95.16S.R1	2.0	22602.0
	230	231	232
Soil-P2S1-a_S95.16S.R2	2.0	22599.0	3.0
	231	232
Soil-P2S1-b_S101.16S.R1	2.0	24612.0
	230	231	232
Soil-P2S1-b_S101.16S.R2	2.0	24602.0	10.0
	231	232
Soil-P2S1-c_S107.16S.R1	2.0	25347.0
	230	231	232
Soil-P2S1-c_S107.16S.R2	2.0	25343.0	4.0
	231	232
Soil-P2S2-a_S113.16S.R1	1.0	25595.0
	230	231	232
Soil-P2S2-a_S113.16S.R2	3.0	25588.0	5.0
	231	232
Soil-P2S2-b_S119.16S.R1	1.0	20003.0
	230	231	232
Soil-P2S2-b_S119.16S.R2	2.0	19994.0	8.0
	231	232
Soil-P2S2-c_S125.16S.R1	1.0	21055.0
	230	231	232
Soil-P2S2-c_S125.16S.R2	2.0	21051.0	3.0
	232
Soil-P2S3-a_S131.16S.R1	27429.0
	230	231	232
Soil-P2S3-a_S131.16S.R2	3.0	27422.0	4.0
	231	232
Soil-P2S3-b_S137.16S.R1	1.0	25052.0
	230	231	232
Soil-P2S3-b_S137.16S.R2	2.0	25042.0	9.0
	232
Soil-P2S3-c_S143.16S.R1	23738.0
	230	231	232
Soil-P2S3-c_S143.16S.R2	5.0	23726.0	7.0
	231	232
Soil-P2S4-a_S149.16S.R1	1.0	25956.0
	230	231	232
Soil-P2S4-a_S149.16S.R2	1.0	25951.0	5.0
	231	232
Soil-P2S4-b_S155.16S.R1	1.0	24171.0
	231	232
Soil-P2S4-b_S155.16S.R2	24166.0	6.0
	231	232
Soil-P2S4-c_S160.16S.R1	3.0	30969.0
	230	231	232
Soil-P2S4-c_S160.16S.R2	1.0	30961.0	10.0
	231	232
Soil-P3S1-a_S96.16S.R1	7.0	24014.0
	230	231	232
Soil-P3S1-a_S96.16S.R2	2.0	24013.0	6.0
	232
Soil-P3S1-b_S102.16S.R1	26442.0
	230	231	232
Soil-P3S1-b_S102.16S.R2	4.0	26433.0	5.0
	232
Soil-P3S1-c_S108.16S.R1	24680.0
	230	231	232
Soil-P3S1-c_S108.16S.R2	5.0	24667.0	8.0
	231	232
Soil-P3S2-a_S114.16S.R1	1.0	23511.0
	230	231	232
Soil-P3S2-a_S114.16S.R2	3.0	23503.0	6.0
	231	232
Soil-P3S2-b_S120.16S.R1	2.0	22713.0
	230	231	232
Soil-P3S2-b_S120.16S.R2	2.0	22708.0	5.0
	232
Soil-P3S2-c_S126.16S.R1	21194.0
	230	231	232
Soil-P3S2-c_S126.16S.R2	4.0	21186.0	4.0
	231	232
Soil-P3S3-a_S132.16S.R1	2.0	24471.0
	230	231	232
Soil-P3S3-a_S132.16S.R2	4.0	24459.0	10.0
	231	232
Soil-P3S3-b_S138.16S.R1	3.0	22492.0
	230	231	232
Soil-P3S3-b_S138.16S.R2	3.0	22486.0	6.0
	231	232
Soil-P3S3-c_S144.16S.R1	1.0	25989.0
	230	231	232
Soil-P3S3-c_S144.16S.R2	2.0	25983.0	5.0
	231	232
Soil-P3S4-a_S150.16S.R1	2.0	28787.0
	230	231	232
Soil-P3S4-a_S150.16S.R2	1.0	28775.0	13.0
	231	232
Soil-P3S4-b_S156.16S.R1	4.0	25502.0
	230	231	232
Soil-P3S4-b_S156.16S.R2	5.0	25496.0	5.0
	231	232
Soil-P3S4-c_S161.16S.R1	2.0	26062.0
	230	231	232
Soil-P3S4-c_S161.16S.R2	5.0	26054.0	5.0
	231	232
Soil-P3S5-a_S97.16S.R1	2.0	27968.0
	230	231	232
Soil-P3S5-a_S97.16S.R2	4.0	27957.0	9.0
	232
Soil-P3S5-b_S103.16S.R1	30854.0
	230	231	232
Soil-P3S5-b_S103.16S.R2	3.0	30839.0	12.0
	231	232
Soil-P3S5-c_S109.16S.R1	3.0	27017.0
	230	231	232
Soil-P3S5-c_S109.16S.R2	3.0	27012.0	5.0
	228	229	230	231	232
Soil-P4S1-a_S115.16S.R1	1.0	0.0	0.0	1.0	26829.0
	230	231	232
Soil-P4S1-a_S115.16S.R2	6.0	26814.0	11.0
	232
Soil-P4S1-b_S121.16S.R1	22876.0
	230	231	232
Soil-P4S1-b_S121.16S.R2	2.0	22870.0	4.0
	231	232
Soil-P4S1-c_S127.16S.R1	3.0	20492.0
	230	231	232
Soil-P4S1-c_S127.16S.R2	1.0	20493.0	1.0
	232
Soil-P4S2-a_S133.16S.R1	26238.0
	230	231	232
Soil-P4S2-a_S133.16S.R2	4.0	26229.0	5.0
	231	232
Soil-P4S2-b_S139.16S.R1	1.0	26162.0
	230	231	232
Soil-P4S2-b_S139.16S.R2	4.0	26155.0	4.0
	232
Soil-P4S2-c_S145.16S.R1	31403.0
	230	231	232
Soil-P4S2-c_S145.16S.R2	4.0	31391.0	8.0
	231	232
Soil-P4S3-a_S151.16S.R1	2.0	29028.0
	230	231	232
Soil-P4S3-a_S151.16S.R2	2.0	29023.0	5.0
	231	232
Soil-P4S3-b_S157.16S.R1	1.0	25048.0
	230	231	232
Soil-P4S3-b_S157.16S.R2	3.0	25039.0	7.0
	232
Soil-P4S3-c_S162.16S.R1	28418.0
	230	231	232
Soil-P4S3-c_S162.16S.R2	1.0	28412.0	5.0
	231	232
Soil-P4S4-a_S98.16S.R1	3.0	24239.0
	231	232
Soil-P4S4-a_S98.16S.R2	24236.0	6.0
	232
Soil-P4S4-b_S104.16S.R1	24725.0
	230	231	232
Soil-P4S4-b_S104.16S.R2	6.0	24715.0	4.0
	231	232
Soil-P4S4-c_S110.16S.R1	2.0	21854.0
	230	231	232
Soil-P4S4-c_S110.16S.R2	2.0	21851.0	3.0
	231	232
Soil-P5S1-a_S116.16S.R1	1.0	22720.0
	230	231	232
Soil-P5S1-a_S116.16S.R2	5.0	22709.0	7.0
	231	232
Soil-P5S1-b_S122.16S.R1	1.0	22135.0
	230	231	232
Soil-P5S1-b_S122.16S.R2	2.0	22130.0	4.0
	231	232
Soil-P5S1-c_S128.16S.R1	1.0	21344.0
	226	227	228	229	230	231	232
Soil-P5S1-c_S128.16S.R2	1.0	0.0	0.0	0.0	2.0	21341.0	1.0
	232
Soil-P5S2-a_S134.16S.R1	21479.0
	230	231	232
Soil-P5S2-a_S134.16S.R2	1.0	21471.0	7.0
	231	232
Soil-P5S2-b_S140.16S.R1	3.0	25403.0
	230	231	232
Soil-P5S2-b_S140.16S.R2	1.0	25400.0	5.0
	232
Soil-P5S2-c_S146.16S.R1	26150.0
	230	231	232
Soil-P5S2-c_S146.16S.R2	1.0	26141.0	8.0
	231	232
Soil-P6S1-a_S152.16S.R1	1.0	26624.0
	230	231	232
Soil-P6S1-a_S152.16S.R2	4.0	26615.0	6.0
	231	232
Soil-P6S1-b_S158.16S.R1	1.0	23497.0
	230	231	232
Soil-P6S1-b_S158.16S.R2	2.0	23488.0	8.0
	207	208	209	210	211	212	213	214	215	216	217	218	219	220	221	222	223	224	225	226	227	228	229	230	231	232
Soil-P6S1-c_S163.16S.R1	1.0	0.0	0.0	0.0	0.0	0.0	0.0	0.0	0.0	0.0	0.0	0.0	0.0	0.0	0.0	0.0	0.0	0.0	0.0	0.0	0.0	0.0	0.0	0.0	2.0	26930.0
	230	231	232
Soil-P6S1-c_S163.16S.R2	2.0	26925.0	6.0
	231	232
Soil-P6S2-a_S99.16S.R1	1.0	25350.0
	230	231	232
Soil-P6S2-a_S99.16S.R2	2.0	25343.0	6.0
	231	232
Soil-P6S2-b_S105.16S.R1	1.0	25574.0
	230	231	232
Soil-P6S2-b_S105.16S.R2	2.0	25567.0	6.0
	231	232
Soil-P6S2-c_S111.16S.R1	1.0	27540.0
	230	231	232
Soil-P6S2-c_S111.16S.R2	1.0	27530.0	10.0
	231	232
Soil-P6S3-a_S117.16S.R1	1.0	25454.0
	230	231	232
Soil-P6S3-a_S117.16S.R2	3.0	25442.0	10.0
	231	232
Soil-P6S3-b_S123.16S.R1	1.0	25104.0
	230	231	232
Soil-P6S3-b_S123.16S.R2	6.0	25094.0	5.0
	231	232
Soil-P6S3-c_S129.16S.R1	1.0	25304.0
	230	231	232
Soil-P6S3-c_S129.16S.R2	2.0	25299.0	4.0
	231	232
Soil-P7S1-a_S135.16S.R1	1.0	29111.0
	230	231	232
Soil-P7S1-a_S135.16S.R2	3.0	29104.0	5.0
	231	232
Soil-P7S1-b_S141.16S.R1	4.0	23513.0
	230	231	232
Soil-P7S1-b_S141.16S.R2	3.0	23503.0	11.0
	232
Soil-P7S1-c_S147.16S.R1	28255.0
	230	231	232
Soil-P7S1-c_S147.16S.R2	4.0	28234.0	17.0
	231	232
Soil-P7S2-a_S153.16S.R1	4.0	30603.0
	230	231	232
Soil-P7S2-a_S153.16S.R2	2.0	30595.0	10.0
	231	232
Soil-P7S2-b_S159.16S.R1	2.0	24414.0
	230	231	232
Soil-P7S2-b_S159.16S.R2	1.0	24410.0	5.0
	232
Soil-P7S2-c_S164.16S.R1	24742.0
	231	232
Soil-P7S2-c_S164.16S.R2	24736.0	6.0
	231	232
Soil-P7S3-a_S100.16S.R1	1.0	24600.0
	230	231	232
Soil-P7S3-a_S100.16S.R2	3.0	24591.0	7.0
	231	232
Soil-P7S3-b_S106.16S.R1	1.0	25541.0
	194	195	196	197	198	199	200	201	202	203	204	205	206	207	208	209	210	211	212	213	214	215	216	217	218	219	220	221	222	223	224	225	226	227	228	229	230	231	232
Soil-P7S3-b_S106.16S.R2	1.0	0.0	0.0	0.0	0.0	0.0	0.0	0.0	0.0	0.0	0.0	0.0	0.0	0.0	0.0	0.0	0.0	0.0	0.0	0.0	0.0	0.0	0.0	0.0	0.0	0.0	0.0	0.0	0.0	0.0	0.0	0.0	0.0	0.0	0.0	0.0	2.0	25529.0	10.0
	231	232
Soil-P7S3-c_S112.16S.R1	3.0	26437.0
	225	226	227	228	229	230	231	232
Soil-P7S3-c_S112.16S.R2	1.0	0.0	0.0	0.0	0.0	5.0	26425.0	9.0
	232
Soil-P7S4-a_S118.16S.R1	25059.0
	230	231	232
Soil-P7S4-a_S118.16S.R2	5.0	25046.0	8.0
	232
Soil-P7S4-b_S124.16S.R1	21925.0
	230	231	232
Soil-P7S4-b_S124.16S.R2	3.0	21912.0	10.0
	232
Soil-P7S4-c_S130.16S.R1	21762.0
	230	231	232
Soil-P7S4-c_S130.16S.R2	2.0	21756.0	4.0

