Sample	1	2	3	4	5	6	7	8	9	12	17	22	27	32	37	42	47	52	57	62	67	72	77	82	87	92	97	102	107	112	117	122	127	132	137	142	147	152	157	162	167	172	177	182	187	192	197	202	207	212	217	220
Germ-P2S2-ACN-a_S165.16S.R1 - illumina_small_rna_3'_adapter	0.0	0.0	0.0	0.0	0.0	0.0	0.0	0.0	0.0	0.0	0.0	0.0	0.0	0.0	0.0	0.0	0.0	0.0	0.0	0.0	0.0	0.0	0.0	0.0	0.0	0.0	0.0	0.0	0.0	0.0	0.0	0.0	0.0	0.0	0.02299242101677595	0.11496210508387976	0.11496210508387976	0.11496210508387976	0.11496210508387976	0.11496210508387976	0.11496210508387976	0.11496210508387976	0.11496210508387976	0.11496210508387976	0.11496210508387976	0.11496210508387976	0.11496210508387976	0.11496210508387976	0.11496210508387976	0.11496210508387976	0.11496210508387976	0.11709103295580345
Germ-P2S2-ACN-b_S166.16S.R1 - illumina_small_rna_3'_adapter	0.0	0.0	0.0	0.0	0.0	0.0	0.0	0.0	0.0	0.0	0.0	0.0	0.0	0.0	0.0	0.0	0.0	0.0	0.0	0.0	0.0	0.0	0.0	0.0	0.0	0.0	0.0	0.0	0.0	0.0	0.0	0.0	0.0	0.0	0.023158678301145527	0.11992886977378933	0.11992886977378933	0.11992886977378933	0.11992886977378933	0.11992886977378933	0.11992886977378933	0.11992886977378933	0.11992886977378933	0.11992886977378933	0.11992886977378933	0.11992886977378933	0.11992886977378933	0.11992886977378933	0.11992886977378933	0.11992886977378933	0.11992886977378933	0.12199660890782019
Germ-P2S2-Chanvre-a_S217.16S.R1 - illumina_small_rna_3'_adapter	0.0	0.0	0.0	0.0	0.0	0.0	0.0	0.0	0.0	0.0	0.0	0.0	0.0	0.0	0.0	0.0	0.0	0.0	0.0	0.0	0.0	0.0	0.0	0.0	0.0	0.0	0.0	0.0	0.0	0.0	0.0	0.0	0.0	0.0	0.030764650424254452	0.15382325212127226	0.15382325212127226	0.15382325212127226	0.15382325212127226	0.15382325212127226	0.15382325212127226	0.15382325212127226	0.15382325212127226	0.15382325212127226	0.15382325212127226	0.15382325212127226	0.15382325212127226	0.15382325212127226	0.15382325212127226	0.15382325212127226	0.15382325212127226	0.15630427231677665
Germ-P2S2-Chanvre-b_S218.16S.R1 - illumina_small_rna_3'_adapter	0.0	0.0	0.0	0.0	0.0	0.0	0.0	0.0	0.0	0.0	0.0	0.0	0.0	0.0	0.0	0.0	0.0	0.0	0.0	0.0	0.0	0.0	0.0	0.0	0.0	0.0	0.0	0.0	0.0	0.0	0.0	0.0	0.0	0.0	0.04446377652119279	0.22231888260596394	0.22231888260596394	0.22231888260596394	0.22231888260596394	0.22231888260596394	0.22231888260596394	0.22231888260596394	0.22231888260596394	0.22231888260596394	0.22231888260596394	0.22231888260596394	0.22231888260596394	0.22231888260596394	0.22231888260596394	0.22231888260596394	0.22231888260596394	0.22473539219950703
Germ-P2S2-Colza-a_S191.16S.R1 - illumina_small_rna_3'_adapter	0.0	0.0	0.0	0.0	0.0	0.0	0.0	0.0	0.0	0.0	0.0	0.0	0.0	0.0	0.0	0.0	0.0	0.0	0.0	0.0	0.0	0.0028323262839879152	0.004720543806646525	0.004720543806646525	0.004720543806646525	0.004720543806646525	0.004720543806646525	0.004720543806646525	0.004720543806646525	0.004720543806646525	0.004720543806646525	0.004720543806646525	0.004720543806646525	0.004720543806646525	0.03209969788519638	0.14161631419939577	0.14161631419939577	0.14161631419939577	0.14161631419939577	0.14161631419939577	0.14161631419939577	0.14161631419939577	0.14161631419939577	0.14161631419939577	0.14161631419939577	0.14161631419939577	0.14161631419939577	0.14161631419939577	0.14161631419939577	0.14161631419939577	0.14161631419939577	0.14397658610271902
Germ-P2S2-Colza-b_S192.16S.R1 - illumina_small_rna_3'_adapter	0.0	0.0	0.0	0.0	0.0	0.0	0.0	0.0	0.0	0.0	0.0	0.0	0.0	0.0	0.0	0.0	0.0	0.0	0.0	0.0	0.0	0.0	0.0	0.0	0.0	0.0	0.0	0.0	0.0	0.0	0.0	0.0	0.0	0.0	0.03996574364830145	0.19982871824150727	0.19982871824150727	0.19982871824150727	0.19982871824150727	0.19982871824150727	0.19982871824150727	0.19982871824150727	0.19982871824150727	0.19982871824150727	0.19982871824150727	0.19982871824150727	0.19982871824150727	0.19982871824150727	0.19982871824150727	0.19982871824150727	0.19982871824150727	0.20220763155390617
Germ-P2S2-Colza-c_S193.16S.R1 - illumina_small_rna_3'_adapter	0.0	0.0	0.0	0.0	0.0	0.0	0.0	0.0	0.0	0.0	0.0	0.0	0.0	0.0	0.0	0.0	0.0	0.0	0.0	0.0	0.0	0.0	0.0	0.0	0.0	0.0	0.0	0.0	0.0	0.0	0.0	0.0	0.0	0.0	0.038099160788755596	0.190495803943778	0.190495803943778	0.190495803943778	0.190495803943778	0.190495803943778	0.190495803943778	0.190495803943778	0.190495803943778	0.190495803943778	0.190495803943778	0.190495803943778	0.190495803943778	0.190495803943778	0.190495803943778	0.190495803943778	0.190495803943778	0.19307007156463984
Germ-P2S2-Colza-myro-a_S194.16S.R1 - illumina_small_rna_3'_adapter	0.0	0.0	0.0	0.0	0.0	0.0	0.0	0.0	0.0	0.0	0.0	0.0	0.0	0.0	0.0	0.0	0.0	0.0	0.0	0.0	0.0	0.0	0.0	0.0	0.0	0.0	0.0	0.0	0.0	0.0	0.0	0.0	0.0	0.0	0.037948817748370146	0.18974408874185072	0.18974408874185072	0.18974408874185072	0.18974408874185072	0.18974408874185072	0.18974408874185072	0.18974408874185072	0.18974408874185072	0.18974408874185072	0.18974408874185072	0.18974408874185072	0.18974408874185072	0.18974408874185072	0.18974408874185072	0.18974408874185072	0.18974408874185072	0.19217670526418215
Germ-P2S2-Colza-myro-c_S196.16S.R1 - illumina_small_rna_3'_adapter	0.0	0.0	0.0	0.0	0.0	0.0	0.0	0.0	0.0	0.0	0.0	0.0	0.0	0.0	0.0	0.0	0.0	0.0	0.0	0.0	0.0	0.0	0.0	0.0	0.0	0.0	0.0	0.0	0.0	0.0	0.0	0.0	0.0	0.0	0.058351568198395334	0.2908460977388767	0.29175784099197666	0.29175784099197666	0.29175784099197666	0.29175784099197666	0.29175784099197666	0.29175784099197666	0.29175784099197666	0.29175784099197666	0.29175784099197666	0.29175784099197666	0.29175784099197666	0.29175784099197666	0.29175784099197666	0.29175784099197666	0.29175784099197666	0.2940371991247265
Germ-P2S2-GR24-a_S168.16S.R1 - illumina_small_rna_3'_adapter	0.0	0.0	0.0	0.0	0.0	0.0	0.0	0.0	0.0	0.0	0.0	0.0	0.0	0.0	0.0	0.0	0.0	0.0	0.0	0.0	0.0	0.0	0.0	0.0	0.0	0.0	0.0	0.0	0.0	0.0	0.0	0.0	0.0	0.0	0.029563932002956393	0.14781966001478197	0.14781966001478197	0.14781966001478197	0.14781966001478197	0.14781966001478197	0.14781966001478197	0.14781966001478197	0.14781966001478197	0.14781966001478197	0.14781966001478197	0.14781966001478197	0.14781966001478197	0.14781966001478197	0.14781966001478197	0.14781966001478197	0.14781966001478197	0.1504592968007602
Germ-P2S2-GR24-b_S169.16S.R1 - illumina_small_rna_3'_adapter	0.0	0.0	0.0	0.0	0.0	0.0	0.0	0.0	0.0	0.0	0.0	0.0	0.0	0.0	0.0	0.0	0.0	0.0	0.0	0.0	0.0	0.0	0.0	0.0	0.0	0.0	0.0	0.0	0.0	0.0	0.0	0.0	0.0	0.0	0.06923318997167734	0.34616594985838667	0.34616594985838667	0.34616594985838667	0.34616594985838667	0.34616594985838667	0.34616594985838667	0.34616594985838667	0.34616594985838667	0.34616594985838667	0.34616594985838667	0.34616594985838667	0.34616594985838667	0.34616594985838667	0.34616594985838667	0.34616594985838667	0.34616594985838667	0.34878841917549563
Germ-P2S2-GR24-c_S170.16S.R1 - illumina_small_rna_3'_adapter	0.0	0.0	0.0	0.0	0.0	0.0	0.0	0.0	0.0	0.0	0.0	0.0	0.0	0.0	0.0	0.0	0.0	0.0	0.0	0.0	0.0	0.0	0.0	0.0	0.0	0.0	0.0	0.0	0.0	0.0	0.0	0.0	0.0	0.0	0.020735057798973614	0.10367528899486807	0.10367528899486807	0.10367528899486807	0.10367528899486807	0.10367528899486807	0.10367528899486807	0.10367528899486807	0.10367528899486807	0.10367528899486807	0.10367528899486807	0.10367528899486807	0.10367528899486807	0.10367528899486807	0.10367528899486807	0.10367528899486807	0.10367528899486807	0.10626717121973978
Germ-P2S2-Tabac-a_S220.16S.R1 - illumina_small_rna_3'_adapter	0.0	0.0	0.0	0.0	0.0	0.0	0.0	0.0	0.0	0.0	0.0	0.0	0.0	0.0	0.0	0.0	0.0	0.0	0.0	0.0	0.0	0.0	0.0	0.0	0.0	0.0	0.0	0.0	0.0	0.0	0.0	0.0	0.0	0.0	0.12669947858291505	0.6334973929145753	0.6334973929145753	0.6334973929145753	0.6334973929145753	0.6334973929145753	0.6334973929145753	0.6334973929145753	0.6334973929145753	0.6334973929145753	0.6334973929145753	0.6334973929145753	0.6334973929145753	0.6334973929145753	0.6334973929145753	0.6334973929145753	0.6334973929145753	0.6359339213488622
Germ-P2S2-Tabac-b_S221.16S.R1 - illumina_small_rna_3'_adapter	0.0	0.0	0.0	0.0	0.0	0.0	0.0	0.0	0.0	0.0	0.0	0.0	0.0	0.0	0.0	0.0	0.0	0.0	0.0	0.0	0.0	0.0	0.0	0.0	0.0	0.0	0.0	0.0	0.0	0.0	0.0	0.0	0.0	0.0	0.03071847090278173	0.15359235451390865	0.15359235451390865	0.15359235451390865	0.15359235451390865	0.15359235451390865	0.15359235451390865	0.15359235451390865	0.15359235451390865	0.15359235451390865	0.15359235451390865	0.15359235451390865	0.15359235451390865	0.15359235451390865	0.15359235451390865	0.15359235451390865	0.15359235451390865	0.15643665737527734
Germ-P2S2-Tabac-c_S222.16S.R1 - illumina_small_rna_3'_adapter	0.0	0.0	0.0	0.0	0.0	0.0	0.0	0.0	0.0	0.0	0.0	0.0	0.0	0.0	0.0	0.0	0.0	0.0	0.0	0.0	0.0	0.0	0.0	0.0	0.0	0.0	0.0	0.0	0.0	0.0	0.0	0.0	0.0	0.0	0.02697706949093271	0.13488534745466355	0.13488534745466355	0.13488534745466355	0.13488534745466355	0.13488534745466355	0.13488534745466355	0.13488534745466355	0.13488534745466355	0.13488534745466355	0.13488534745466355	0.13488534745466355	0.13488534745466355	0.13488534745466355	0.13488534745466355	0.13488534745466355	0.13488534745466355	0.13738322425937954
Germ-P3S2-ACN-a_S172.16S.R1 - illumina_small_rna_3'_adapter	0.0	0.0	0.0	0.0	0.0	0.0	0.0	0.0	0.0	0.0	0.0	0.0	0.0	0.0	0.0	0.0	0.0	0.0	0.0	0.0	0.0	0.0	0.0	0.0	0.0	0.0	0.0	0.0	0.0	0.0	0.0	0.0017432232197332868	0.004358058049333217	0.004358058049333217	0.17780876841279525	0.8585374357186438	0.8585374357186438	0.8585374357186438	0.8585374357186438	0.8585374357186438	0.8585374357186438	0.8585374357186438	0.8585374357186438	0.8585374357186438	0.8585374357186438	0.8585374357186438	0.8585374357186438	0.8585374357186438	0.8585374357186438	0.8585374357186438	0.8585374357186438	0.8607164647433104
Germ-P3S2-ACN-b_S173.16S.R1 - illumina_small_rna_3'_adapter	0.0	0.0	0.0	0.0	0.0	0.0	0.0	0.0	0.0	0.0	0.0	0.0	0.0	0.0	0.0	0.0	0.0	0.0	0.0	0.0	0.0	0.0	0.0	0.0	0.0	0.0	0.0	0.0	0.0	0.0	0.0	0.0	0.0	0.0	0.09212073696589572	0.46452371618972943	0.46550372402979223	0.46550372402979223	0.46550372402979223	0.46550372402979223	0.46550372402979223	0.46550372402979223	0.46550372402979223	0.46550372402979223	0.46550372402979223	0.46550372402979223	0.46550372402979223	0.46550372402979223	0.46550372402979223	0.46550372402979223	0.46550372402979223	0.467953743629949
Germ-P3S2-ACN-c_S174.16S.R1 - illumina_small_rna_3'_adapter	0.0	0.0	0.0	0.0	0.0	0.0	0.0	0.0	0.0	0.0	0.0	0.0	0.0	0.0	0.0	0.0	0.0	0.0	0.0	0.0	0.0	0.0	0.0	0.0	0.0	0.0	0.0	0.0	0.0	0.0	0.0	0.0	0.0	0.0	0.029019776440240758	0.1450988822012038	0.1450988822012038	0.1450988822012038	0.1450988822012038	0.1450988822012038	0.1450988822012038	0.1450988822012038	0.1450988822012038	0.1450988822012038	0.1450988822012038	0.1450988822012038	0.1450988822012038	0.1450988822012038	0.1450988822012038	0.1450988822012038	0.1450988822012038	0.14778589853826313
Germ-P3S2-Chanvre-a_S223.16S.R1 - illumina_small_rna_3'_adapter	0.0	0.0	0.0	0.0	0.0	0.0	0.0	0.0	0.0	0.0	0.0	0.0	0.0	0.0	0.0	0.0	0.0	0.0	0.0	0.0	0.0	0.0	0.0	0.0	0.0	0.0	0.0	0.0	0.0	0.0	0.0	0.0	0.0	0.0	0.19864949748743718	0.9932474874371859	0.9932474874371859	0.9932474874371859	0.9932474874371859	0.9932474874371859	0.9932474874371859	0.9932474874371859	0.9932474874371859	0.9932474874371859	0.9932474874371859	0.9932474874371859	0.9932474874371859	0.9932474874371859	0.9932474874371859	0.9932474874371859	0.9932474874371859	0.9952104271356784
Germ-P3S2-Chanvre-b_S224.16S.R1 - illumina_small_rna_3'_adapter	0.0	0.0	0.0	0.0	0.0	0.0	0.0	0.0	0.0	0.0	0.0	0.0	0.0	0.0	0.0	0.0	0.0	0.0	0.0	0.0	0.0	0.0	0.0	0.0	0.0	0.0	0.0	0.0	0.0	0.0	0.0	0.0	0.0	0.0	0.12858555885262118	0.6384317957018254	0.6384317957018254	0.6384317957018254	0.6384317957018254	0.6384317957018254	0.6384317957018254	0.6384317957018254	0.6384317957018254	0.6384317957018254	0.6384317957018254	0.6384317957018254	0.6384317957018254	0.6384317957018254	0.6384317957018254	0.6384317957018254	0.6384317957018254	0.6406797949824656
Germ-P3S2-Chanvre-c_S225.16S.R1 - illumina_small_rna_3'_adapter	0.0	0.0	0.0	0.0	0.0	0.0	0.0	0.0	0.0	0.0	0.0	0.0	0.0	0.0	0.0	0.0	0.0	0.0	0.0	0.0	0.0	0.0	0.0	0.0	0.0	0.0	0.0	0.0	0.0	0.0	0.0	0.0	0.0	0.0	0.12420579945540533	0.6114747050112262	0.6114747050112262	0.6114747050112262	0.6114747050112262	0.6114747050112262	0.6114747050112262	0.6114747050112262	0.6114747050112262	0.6114747050112262	0.6114747050112262	0.6114747050112262	0.6114747050112262	0.6114747050112262	0.6114747050112262	0.6114747050112262	0.6114747050112262	0.6138632780776764
Germ-P3S2-Colza-a_S198.16S.R1 - illumina_small_rna_3'_adapter	0.0	0.0	0.0	0.0	0.0	0.0	0.0	0.0	0.0	0.0	0.0	0.0	0.0	0.0	0.0	0.0	0.0	0.0	0.0	0.0	0.0	0.0	0.0	0.0	0.0	0.0	0.0	0.0	0.0	0.0	0.0	0.0	0.0	0.0	0.9279404927940492	4.643421664342166	4.644351464435147	4.644351464435147	4.644351464435147	4.644351464435147	4.644351464435147	4.644351464435147	4.644351464435147	4.644351464435147	4.644351464435147	4.644351464435147	4.644351464435147	4.644351464435147	4.644351464435147	4.644351464435147	4.644351464435147	4.646675964667597
Germ-P3S2-Colza-b_S199.16S.R1 - illumina_small_rna_3'_adapter	0.0	0.0	0.0	0.0	0.0	0.0	0.0	0.0	0.0	0.0	0.0	0.0	0.0	0.0	0.0	0.0	0.0	0.0	0.0	0.0	0.0	0.0	0.0	0.0	0.0	0.0	0.0	0.0	0.0	0.0	0.0	0.0	0.0	0.0	0.15678317808724523	0.7839158904362261	0.7839158904362261	0.7839158904362261	0.7839158904362261	0.7839158904362261	0.7839158904362261	0.7839158904362261	0.7839158904362261	0.7839158904362261	0.7839158904362261	0.7839158904362261	0.7839158904362261	0.7839158904362261	0.7839158904362261	0.7839158904362261	0.7839158904362261	0.7862215254080973
Germ-P3S2-Colza-c_S200.16S.R1 - illumina_small_rna_3'_adapter	0.0	0.0	0.0	0.0	0.0	0.0	0.0	0.0	0.0	0.0	0.0	0.0	0.0	0.0	0.0	0.0	0.0	0.0	0.0	0.0	0.0	0.0028942163909121605	0.004823693984853601	0.004823693984853601	0.004823693984853601	0.004823693984853601	0.004823693984853601	0.004823693984853601	0.004823693984853601	0.004823693984853601	0.004823693984853601	0.004823693984853601	0.004823693984853601	0.004823693984853601	0.2633736915730066	1.2927499879407651	1.2927499879407651	1.2927499879407651	1.2927499879407651	1.2927499879407651	1.2927499879407651	1.2927499879407651	1.2927499879407651	1.2927499879407651	1.2927499879407651	1.2927499879407651	1.2927499879407651	1.2927499879407651	1.2927499879407651	1.2927499879407651	1.2927499879407651	1.295161834933192
Germ-P3S2-Colza-myro-a_S201.16S.R1 - illumina_small_rna_3'_adapter	0.0	0.0	0.0	0.0	0.0	0.0	0.0	0.0	0.0	0.0	0.0	0.0	0.0	0.0	0.0	0.0	0.0	0.0	0.0	0.0	0.0	0.0	0.0	0.0	0.0	0.0	0.0	0.0	0.0	0.0	0.0	0.0	0.0	0.0	0.19004702194357365	0.9551332288401253	0.9551332288401253	0.9551332288401253	0.9551332288401253	0.9551332288401253	0.9551332288401253	0.9551332288401253	0.9551332288401253	0.9551332288401253	0.9551332288401253	0.9551332288401253	0.9551332288401253	0.9551332288401253	0.9551332288401253	0.9551332288401253	0.9551332288401253	0.9575822884012539
Germ-P3S2-Colza-myro-b_S202.16S.R1 - illumina_small_rna_3'_adapter	0.0	0.0	0.0	0.0	0.0	0.0	0.0	0.0	0.0	0.0	0.0	0.0	0.0	0.0	0.0	0.0	0.0	0.0	0.0	0.0	0.0	0.0	0.0	0.0	0.0	0.0	0.0	0.0	0.0	0.0	0.0	0.0	0.0	0.0	0.31999176870048357	1.594814281304661	1.594814281304661	1.594814281304661	1.594814281304661	1.594814281304661	1.594814281304661	1.594814281304661	1.594814281304661	1.594814281304661	1.594814281304661	1.594814281304661	1.594814281304661	1.594814281304661	1.594814281304661	1.594814281304661	1.594814281304661	1.5973865624035395
Germ-P3S2-Colza-myro-c_S203.16S.R1 - illumina_small_rna_3'_adapter	0.0	0.0	0.0	0.0	0.0	0.0	0.0	0.0	0.0	0.0	0.0	0.0	0.0	0.0	0.0	0.0	0.0	0.0	0.0	0.0	0.0	0.0	0.0	0.0	0.0	0.0	0.0	0.0	0.0	0.0	0.0	0.0	0.0	0.0	0.3972963211392601	1.9813219132139726	1.9813219132139726	1.9813219132139726	1.9813219132139726	1.9813219132139726	1.9813219132139726	1.9813219132139726	1.9813219132139726	1.9813219132139726	1.9813219132139726	1.9813219132139726	1.9813219132139726	1.9813219132139726	1.9813219132139726	1.9813219132139726	1.9813219132139726	1.9839017594551365
Germ-P3S2-GR24-a_S175.16S.R1 - illumina_small_rna_3'_adapter	0.0	0.0	0.0	0.0	0.0	0.0	0.0	0.0	0.0	0.0	0.0	0.0	0.0	0.0	0.0	0.0	0.0	0.0	0.0	0.0	0.0	0.0	0.0	0.0	0.0	0.0	0.0	0.0	0.0	0.0	0.0	0.0	0.0	0.0	0.10988430450631306	0.5494215225315653	0.5494215225315653	0.5494215225315653	0.5494215225315653	0.5494215225315653	0.5494215225315653	0.5494215225315653	0.5494215225315653	0.5494215225315653	0.5494215225315653	0.5494215225315653	0.5494215225315653	0.5494215225315653	0.5494215225315653	0.5494215225315653	0.5494215225315653	0.5520629721591209
Germ-P3S2-GR24-b_S176.16S.R1 - illumina_small_rna_3'_adapter	0.0	0.0	0.0	0.0	0.0	0.0	0.0	0.0	0.0	0.0	0.0	0.0	0.0	0.0	0.0	0.0	0.0	0.0	0.0	0.0	0.0	0.0	0.0	0.0	0.0	0.0	0.0	0.0	0.0	0.0	0.0	0.0	0.0	0.0	0.03089143865842895	0.15445719329214475	0.15445719329214475	0.15445719329214475	0.15445719329214475	0.15445719329214475	0.15445719329214475	0.15445719329214475	0.15445719329214475	0.15445719329214475	0.15445719329214475	0.15445719329214475	0.15445719329214475	0.15445719329214475	0.15445719329214475	0.15445719329214475	0.15445719329214475	0.1572153574580759
Germ-P3S2-GR24-c_S177.16S.R1 - illumina_small_rna_3'_adapter	0.0	0.0	0.0	0.0	0.0	0.0	0.0	0.0	0.0	0.0	0.0	0.0	0.0	0.0	0.0	0.0	0.0	0.0	0.0	0.0	0.0	0.0	0.0	0.0	0.0	0.0	0.0	0.0	0.0	0.0	0.0	0.0	0.0	0.0	0.024133046534809296	0.12066523267404647	0.12066523267404647	0.12066523267404647	0.12066523267404647	0.12066523267404647	0.12066523267404647	0.12066523267404647	0.12066523267404647	0.12066523267404647	0.12066523267404647	0.12066523267404647	0.12066523267404647	0.12066523267404647	0.12066523267404647	0.12066523267404647	0.12066523267404647	0.12328838990609098
Germ-P3S2-Tabac-a_S226.16S.R1 - illumina_small_rna_3'_adapter	0.0	0.0	0.0	0.0	0.0	0.0	0.0	0.0	0.0	0.0	0.0	0.0	0.0	0.0	0.0	0.0	0.0	0.0	0.0	0.0	0.0	0.0	0.0	0.0	0.0	0.0	0.0	0.0	0.0	0.0	0.0	0.0	0.0	0.0	0.023918676499900336	0.11959338249950169	0.11959338249950169	0.11959338249950169	0.11959338249950169	0.11959338249950169	0.11959338249950169	0.11959338249950169	0.11959338249950169	0.11959338249950169	0.11959338249950169	0.11959338249950169	0.11959338249950169	0.11959338249950169	0.11959338249950169	0.11959338249950169	0.11959338249950169	0.12208491130157464
Germ-P3S2-Tabac-b_S227.16S.R1 - illumina_small_rna_3'_adapter	0.0	0.0	0.0	0.0	0.0	0.0	0.0	0.0	0.0	0.0	0.0	0.0	0.0	0.0	0.0	0.0	0.0	0.0	0.0	0.0	0.0	0.0	0.0	0.0	0.0	0.0	0.0	0.0	0.0	0.0	0.0	0.0	0.0	0.0	1.8171641791044775	9.067164179104477	9.067164179104477	9.067164179104477	9.067164179104477	9.067164179104477	9.067164179104477	9.067164179104477	9.067164179104477	9.067164179104477	9.067164179104477	9.067164179104477	9.067164179104477	9.067164179104477	9.067164179104477	9.067164179104477	9.067164179104477	9.069496268656717
Germ-P3S2-Tabac-c_S228.16S.R1 - illumina_small_rna_3'_adapter	0.0	0.0	0.0	0.0	0.0	0.0	0.0	0.0	0.0	0.0	0.0	0.0	0.0	0.0	0.0	0.0	0.0	0.0	0.0	0.0	0.0	0.0028289876939035312	0.004714979489839219	0.004714979489839219	0.004714979489839219	0.004714979489839219	0.004714979489839219	0.004714979489839219	0.004714979489839219	0.004714979489839219	0.004714979489839219	0.004714979489839219	0.004714979489839219	0.004714979489839219	0.6204913008628412	3.074166627375171	3.074166627375171	3.074166627375171	3.074166627375171	3.074166627375171	3.074166627375171	3.074166627375171	3.074166627375171	3.074166627375171	3.074166627375171	3.074166627375171	3.074166627375171	3.074166627375171	3.074166627375171	3.074166627375171	3.074166627375171	3.0765241171200906
Germ-P4S1-ACN-a_S178.16S.R1 - illumina_small_rna_3'_adapter	0.0	0.0	0.0	0.0	0.0	0.0	0.0	0.0	0.0	0.0	0.0	0.0	0.0	0.0	0.0	0.0	0.0	0.0	0.0	0.0	0.0	0.0	0.0	0.0	0.0	0.0	0.0	0.0	0.0	0.0	0.0	0.0	0.0	0.0	0.9246289811572452	4.623144905786226	4.623144905786226	4.623144905786226	4.623144905786226	4.623144905786226	4.623144905786226	4.623144905786226	4.623144905786226	4.623144905786226	4.623144905786226	4.623144905786226	4.623144905786226	4.623144905786226	4.623144905786226	4.623144905786226	4.623144905786226	4.62522928130732
Germ-P4S1-ACN-b_S179.16S.R1 - illumina_small_rna_3'_adapter	0.0	0.0	0.0	0.0	0.0	0.0	0.0	0.0	0.0	0.0	0.0	0.0	0.0	0.0	0.0	0.0	0.0	0.0	0.0	0.0	0.0	0.0	0.0	0.0	0.0	0.0	0.0	0.0	0.0	0.0	0.0	0.0	0.0	0.0	0.42369395310571784	2.122583299053887	2.122583299053887	2.122583299053887	2.122583299053887	2.122583299053887	2.122583299053887	2.122583299053887	2.122583299053887	2.122583299053887	2.122583299053887	2.122583299053887	2.122583299053887	2.122583299053887	2.122583299053887	2.122583299053887	2.122583299053887	2.1246400658165365
Germ-P4S1-ACN-c_S180.16S.R1 - illumina_small_rna_3'_adapter	0.0	0.0	0.0	0.0	0.0	0.0	0.0	0.0	0.0	0.0	0.0	0.0	0.0	0.0	0.0	0.0	0.0	0.0	0.0	0.0	0.0	0.0	0.0	0.0	0.0	0.0	0.0	0.0	0.0	0.0	0.0	0.0	0.0	0.0	0.2058875065708779	1.0329420010513406	1.0338181181005783	1.0338181181005783	1.0338181181005783	1.0338181181005783	1.0338181181005783	1.0338181181005783	1.0338181181005783	1.0338181181005783	1.0338181181005783	1.0338181181005783	1.0338181181005783	1.0338181181005783	1.0338181181005783	1.0338181181005783	1.0338181181005783	1.0360084107236727
Germ-P4S1-Chanvre-a_S229.16S.R1 - illumina_small_rna_3'_adapter	0.0	0.0	0.0	0.0	0.0	0.0	0.0	0.0	0.0	0.0	0.0	0.0	0.0	0.0	0.0	0.0	0.0	0.0	0.0	0.0	0.0	0.0	0.0	0.0	0.0	0.0	0.0	0.0	0.0	0.0	0.0	0.0	0.0	0.0	0.60731755038153	3.0365877519076503	3.0365877519076503	3.0365877519076503	3.0365877519076503	3.0365877519076503	3.0365877519076503	3.0365877519076503	3.0365877519076503	3.0365877519076503	3.0365877519076503	3.0365877519076503	3.0365877519076503	3.0365877519076503	3.0365877519076503	3.0365877519076503	3.0365877519076503	3.0385443161807864
Germ-P4S1-Chanvre-b_S230.16S.R1 - illumina_small_rna_3'_adapter	0.0	0.0	0.0	0.0	0.0	0.0	0.0	0.0	0.0	0.0	0.0	0.0	0.0	0.0	0.0	0.0	0.0	0.0	0.0	0.0	0.0	0.0	0.0	0.0	0.0	0.0	0.0	0.0	0.0	0.0	0.0	0.0	0.0	0.0	0.5214065852066039	2.601436433168548	2.602369181979293	2.602369181979293	2.602369181979293	2.602369181979293	2.602369181979293	2.602369181979293	2.602369181979293	2.602369181979293	2.602369181979293	2.602369181979293	2.602369181979293	2.602369181979293	2.602369181979293	2.602369181979293	2.602369181979293	2.6047010540061564
Germ-P4S1-Chanvre-c_S231.16S.R1 - illumina_small_rna_3'_adapter	0.0	0.0	0.0	0.0	0.0	0.0	0.0	0.0	0.0	0.0	0.0	0.0	0.0	0.0	0.0	0.0	0.0	0.0	0.0	0.0	0.0	0.002695296707245856	0.004492161178743093	0.004492161178743093	0.004492161178743093	0.004492161178743093	0.004492161178743093	0.004492161178743093	0.004492161178743093	0.004492161178743093	0.004492161178743093	0.004492161178743093	0.004492161178743093	0.004492161178743093	0.03953101837293922	0.17968644714972373	0.17968644714972373	0.17968644714972373	0.17968644714972373	0.17968644714972373	0.17968644714972373	0.17968644714972373	0.17968644714972373	0.17968644714972373	0.17968644714972373	0.17968644714972373	0.17968644714972373	0.17968644714972373	0.17968644714972373	0.17968644714972373	0.17968644714972373	0.1819325277390953
Germ-P4S1-Colza-a_S205.16S.R1 - illumina_small_rna_3'_adapter	0.0	0.0	0.0	0.0	0.0	0.0	0.0	0.0	0.0	0.0	0.0	0.0	0.0	0.0	0.0	0.0	0.0	0.0	0.0	0.0	0.0	0.0	0.0	0.0	0.0	0.0	0.0	0.0	0.0	0.0	0.0	0.0	0.0	0.0	0.4089414231924122	2.044707115962061	2.044707115962061	2.044707115962061	2.044707115962061	2.044707115962061	2.044707115962061	2.044707115962061	2.044707115962061	2.044707115962061	2.044707115962061	2.044707115962061	2.044707115962061	2.044707115962061	2.044707115962061	2.044707115962061	2.044707115962061	2.0470902244888234
Germ-P4S1-Colza-b_S206.16S.R1 - illumina_small_rna_3'_adapter	0.0	0.0	0.0	0.0	0.0	0.0	0.0	0.0	0.0	0.0	0.0	0.0	0.0	0.0	0.0	0.0	0.0	0.0	0.0	0.0	0.0	0.0	0.0	0.0	0.0	0.0	0.0	0.0	0.0	0.0	0.0	0.0	0.0	0.0	0.36012424771888957	1.800621238594448	1.800621238594448	1.800621238594448	1.800621238594448	1.800621238594448	1.800621238594448	1.800621238594448	1.800621238594448	1.800621238594448	1.800621238594448	1.800621238594448	1.800621238594448	1.800621238594448	1.800621238594448	1.800621238594448	1.800621238594448	1.803047951854009
Germ-P4S1-Colza-c_S207.16S.R1 - illumina_small_rna_3'_adapter	0.0	0.0	0.0	0.0	0.0	0.0	0.0	0.0	0.0	0.0	0.0	0.0	0.0	0.0	0.0	0.0	0.0	0.0	0.0	0.0	0.0	0.0	0.0	0.0	0.0	0.0	0.0	0.0	0.0	0.0	0.0	0.0	0.0	0.0	0.944298222055111	4.710748240855132	4.710748240855132	4.710748240855132	4.710748240855132	4.710748240855132	4.710748240855132	4.710748240855132	4.710748240855132	4.710748240855132	4.710748240855132	4.710748240855132	4.710748240855132	4.710748240855132	4.710748240855132	4.710748240855132	4.710748240855132	4.713433958210238
Germ-P4S1-Colza-myro-a_S208.16S.R1 - illumina_small_rna_3'_adapter	0.0	0.0	0.0	0.0	0.0	0.0	0.0	0.0	0.0	0.0	0.0	0.0	0.0	0.0	0.0	0.0	0.0	0.0	0.0	0.0	0.0	0.0	0.0	0.0	0.0	0.0	0.0	0.0	0.0	0.0	0.0	0.0	0.0	0.0	0.15216162031563255	0.7710892921400299	0.7710892921400299	0.7710892921400299	0.7710892921400299	0.7710892921400299	0.7710892921400299	0.7710892921400299	0.7710892921400299	0.7710892921400299	0.7710892921400299	0.7710892921400299	0.7710892921400299	0.7710892921400299	0.7710892921400299	0.7710892921400299	0.7710892921400299	0.7736595897804965
Germ-P4S1-Colza-myro-b_S209.16S.R1 - illumina_small_rna_3'_adapter	0.0	0.0	0.0	0.0	0.0	0.0	0.0	0.0	0.0	0.0	0.0	0.0	0.0	0.0	0.0	0.0	0.0	0.0	0.0	0.0	0.0	0.0	0.0	0.0	0.0	0.0	0.0	0.0	0.0	0.0	0.0	0.0	0.0	0.0	0.12055771045182932	0.6080301918440089	0.6080301918440089	0.6080301918440089	0.6080301918440089	0.6080301918440089	0.6080301918440089	0.6080301918440089	0.6080301918440089	0.6080301918440089	0.6080301918440089	0.6080301918440089	0.6080301918440089	0.6080301918440089	0.6080301918440089	0.6080301918440089	0.6080301918440089	0.6106510116364399
Germ-P4S1-Colza-myro-c_S210.16S.R1 - illumina_small_rna_3'_adapter	0.0	0.0	0.0	0.0	0.0	0.0	0.0	0.0	0.0	0.0	0.0	0.0	0.0	0.0	0.0	0.0	0.0	0.0	0.0	0.0	0.0	0.0	0.0	0.0	0.0	0.0	0.0	0.0	0.0	0.0	0.0	0.0	0.0	0.0	0.13309369990770875	0.6654684995385437	0.6654684995385437	0.6654684995385437	0.6654684995385437	0.6654684995385437	0.6654684995385437	0.6654684995385437	0.6654684995385437	0.6654684995385437	0.6654684995385437	0.6654684995385437	0.6654684995385437	0.6654684995385437	0.6654684995385437	0.6654684995385437	0.6654684995385437	0.6678972166901442
Germ-P4S1-GR24-a_S181.16S.R1 - illumina_small_rna_3'_adapter	0.0	0.0	0.0	0.0	0.0	0.0	0.0	0.0	0.0	0.0	0.0	0.0	0.0	0.0	0.0	0.0	0.0	0.0	0.0	0.0	0.0	0.0	0.0	0.0	0.0	0.0	0.0	0.0	0.0	0.0	0.0	0.0	0.0	0.0	0.49113233287858116	2.451260837037363	2.451260837037363	2.451260837037363	2.451260837037363	2.451260837037363	2.451260837037363	2.451260837037363	2.451260837037363	2.451260837037363	2.451260837037363	2.451260837037363	2.451260837037363	2.451260837037363	2.451260837037363	2.451260837037363	2.451260837037363	2.4534612507151343
Germ-P4S1-GR24-b_S182.16S.R1 - illumina_small_rna_3'_adapter	0.0	0.0	0.0	0.0	0.0	0.0	0.0	0.0	0.0	0.0	0.0	0.0	0.0	0.0	0.0	0.0	0.0	0.0	0.0	0.0	0.0	0.0	0.0	0.0	0.0	0.0	0.0	0.0	0.0	0.0	0.0	0.0	0.0	0.0	0.476698077005074	2.374962691340127	2.374962691340127	2.374962691340127	2.374962691340127	2.374962691340127	2.374962691340127	2.374962691340127	2.374962691340127	2.374962691340127	2.374962691340127	2.374962691340127	2.374962691340127	2.374962691340127	2.374962691340127	2.374962691340127	2.374962691340127	2.377094614761438
Germ-P4S1-GR24-c_S183.16S.R1 - illumina_small_rna_3'_adapter	0.0	0.0	0.0	0.0	0.0	0.0	0.0	0.0	0.0	0.0	0.0	0.0	0.0	0.0	0.0	0.0	0.0	0.0	0.0	0.0	0.0	0.0	0.0	0.0	0.0	0.0	0.0	0.0	0.0	0.0	0.0	0.0	0.0	0.0	0.10356433934581859	0.517821696729093	0.517821696729093	0.517821696729093	0.517821696729093	0.517821696729093	0.517821696729093	0.517821696729093	0.517821696729093	0.517821696729093	0.517821696729093	0.517821696729093	0.517821696729093	0.517821696729093	0.517821696729093	0.517821696729093	0.517821696729093	0.5199792871321308
Germ-P4S1-Tabac-a_S232.16S.R1 - illumina_small_rna_3'_adapter	0.0	0.0	0.0	0.0	0.0	0.0	0.0	0.0	0.0	0.0	0.0	0.0	0.0	0.0	0.0	0.0	0.0	0.0	0.0	0.0	0.0	0.0	0.0	0.0	0.0	0.0	0.0	0.0	0.0	0.0	0.0	0.0	0.0	0.0	0.2651566221742843	1.3257831108714215	1.3257831108714215	1.3257831108714215	1.3257831108714215	1.3257831108714215	1.3257831108714215	1.3257831108714215	1.3257831108714215	1.3257831108714215	1.3257831108714215	1.3257831108714215	1.3257831108714215	1.3257831108714215	1.3257831108714215	1.3257831108714215	1.3257831108714215	1.3280302008898477
Germ-P4S1-Tabac-b_S233.16S.R1 - illumina_small_rna_3'_adapter	0.0	0.0	0.0	0.0	0.0	0.0	0.0	0.0	0.0	0.0	0.0	0.0	0.0	0.0	0.0	0.0	0.0	0.0	0.0	0.0	0.0	0.0	0.0	0.0	0.0	0.0	0.0	0.0	0.0	0.0	0.0	0.0	0.0	0.0	0.2501765358619994	1.2458387975385856	1.2458387975385856	1.2458387975385856	1.2458387975385856	1.2458387975385856	1.2458387975385856	1.2458387975385856	1.2458387975385856	1.2458387975385856	1.2458387975385856	1.2458387975385856	1.2458387975385856	1.2458387975385856	1.2458387975385856	1.2458387975385856	1.2458387975385856	1.2483607384242914
Germ-P4S1-Tabac-c_S234.16S.R1 - illumina_small_rna_3'_adapter	0.0	0.0	0.0	0.0	0.0	0.0	0.0	0.0	0.0	0.0	0.0	0.0	0.0	0.0	0.0	0.0	0.0	0.0	0.0	0.0	0.0	0.0	0.0	0.0	0.0	0.0	0.0	0.0	0.0	0.0	0.0	0.0	0.0	0.0	0.15314852840520193	0.7614647501711157	0.7614647501711157	0.7614647501711157	0.7614647501711157	0.7614647501711157	0.7614647501711157	0.7614647501711157	0.7614647501711157	0.7614647501711157	0.7614647501711157	0.7614647501711157	0.7614647501711157	0.7614647501711157	0.7614647501711157	0.7614647501711157	0.7614647501711157	0.7636036960985626
Germ-P6S1-Chanvre-a_S235.16S.R1 - illumina_small_rna_3'_adapter	0.0	0.0	0.0	0.0	0.0	0.0	0.0	0.0	0.0	0.0	0.0	0.0	0.0	0.0	0.0	0.0	0.0	0.0	0.0	0.0	0.0	0.0	0.0	0.0	0.0	0.0	0.0	0.0	0.0	0.0	0.0	0.0	0.0	0.0	0.04298262007101476	0.2149131003550738	0.2149131003550738	0.2149131003550738	0.2149131003550738	0.2149131003550738	0.2149131003550738	0.2149131003550738	0.2149131003550738	0.2149131003550738	0.2149131003550738	0.2149131003550738	0.2149131003550738	0.2149131003550738	0.2149131003550738	0.2149131003550738	0.2149131003550738	0.21724911231545507
Germ-P6S1-Colza-myro-c_S216.16S.R1 - illumina_small_rna_3'_adapter	0.0	0.0	0.0	0.0	0.0	0.0	0.0	0.0	0.0	0.0	0.0	0.0	0.0	0.0	0.0	0.0	0.0	0.0	0.0	0.0	0.0	0.0	0.0	0.0	0.0	0.0	0.0	0.0	0.0	0.0	0.0	0.0	0.0	0.0	0.024253312373680665	0.12126656186840332	0.12126656186840332	0.12126656186840332	0.12126656186840332	0.12126656186840332	0.12126656186840332	0.12126656186840332	0.12126656186840332	0.12126656186840332	0.12126656186840332	0.12126656186840332	0.12126656186840332	0.12126656186840332	0.12126656186840332	0.12126656186840332	0.12126656186840332	0.12351223894004043
Germ-P6S1-GR24-b_S188.16S.R1 - illumina_small_rna_3'_adapter	0.0	0.0	0.0	0.0	0.0	0.0	0.0	0.0	0.0	0.0	0.0	0.0	0.0	0.0	0.0	0.0	0.0	0.0	0.0	0.0	0.0	0.0	0.0	0.0	0.0	0.0	0.0	0.0	0.0	0.0	0.0	0.0	0.0	0.0	0.03503348789283874	0.17516743946419372	0.17516743946419372	0.17516743946419372	0.17516743946419372	0.17516743946419372	0.17516743946419372	0.17516743946419372	0.17516743946419372	0.17516743946419372	0.17516743946419372	0.17516743946419372	0.17516743946419372	0.17516743946419372	0.17516743946419372	0.17516743946419372	0.17516743946419372	0.1777434312210201
Seed-H2O-c_S24.16S.R1 - illumina_small_rna_3'_adapter	0.0	0.0	0.0	0.0	0.0	0.0	0.0	0.0	0.0	0.0	0.0	0.0	0.0	0.0	0.0	0.0	0.0	0.0	0.0	0.0	0.0	0.0022845828732437267	0.003807638122072878	0.003807638122072878	0.003807638122072878	0.003807638122072878	0.003807638122072878	0.003807638122072878	0.003807638122072878	0.003807638122072878	0.003807638122072878	0.003807638122072878	0.003807638122072878	0.003807638122072878	0.052545406084605714	0.6092220995316605	0.6092220995316605	0.6092220995316605	0.6092220995316605	0.6092220995316605	0.6092220995316605	0.6092220995316605	0.6092220995316605	0.6092220995316605	0.6092220995316605	0.6092220995316605	0.6092220995316605	0.6092220995316605	0.6092220995316605	0.6092220995316605	0.6092220995316605	0.6111259185926969
Seed-P1S1-a_S1.16S.R1 - illumina_small_rna_3'_adapter	0.0	0.0	0.0	0.0	0.0	0.0	0.0	0.0	0.0	0.0	0.0	0.0	0.0	0.0	0.0	0.0	0.0	0.0	0.0	0.0	0.0	0.0	0.0	0.0	0.0	0.0	0.0	0.0	0.0	0.0	0.0	0.0	0.0	0.0	0.06181344256190654	0.3090672128095327	0.3090672128095327	0.3090672128095327	0.3090672128095327	0.3090672128095327	0.3090672128095327	0.3090672128095327	0.3090672128095327	0.3090672128095327	0.3090672128095327	0.3090672128095327	0.3090672128095327	0.3090672128095327	0.3090672128095327	0.3090672128095327	0.3090672128095327	0.3109290634891082
Seed-P1S1-b_S9.16S.R1 - illumina_small_rna_3'_adapter	0.0	0.0	0.0	0.0	0.0	0.0	0.0	0.0	0.0	0.0	0.0	0.0	0.0	0.0	0.0	0.0	0.0	0.0	0.0	0.0	0.0	0.0	0.0	0.0	0.0	0.0	0.0	0.0	0.0	0.0	0.0	0.0	0.0	0.0	0.08904163086776537	0.4452081543388268	0.4452081543388268	0.4452081543388268	0.4452081543388268	0.4452081543388268	0.4452081543388268	0.4452081543388268	0.4452081543388268	0.4452081543388268	0.4452081543388268	0.4452081543388268	0.4452081543388268	0.4452081543388268	0.4452081543388268	0.4452081543388268	0.4452081543388268	0.44716082168241816
Seed-P1S1-c_S17.16S.R1 - illumina_small_rna_3'_adapter	0.0	0.0	0.0	0.0	0.0	0.0	0.0	0.0	0.0	0.0	0.0	0.0	0.0	0.0	0.0	0.0	0.0	0.0	0.0	0.0	0.0	0.0	0.0	0.0	0.0	0.0	0.0	0.0	0.0	0.0	0.0	0.0	0.0	0.0	0.06294129513818841	0.3147064756909421	0.3147064756909421	0.3147064756909421	0.3147064756909421	0.3147064756909421	0.3147064756909421	0.3147064756909421	0.3147064756909421	0.3147064756909421	0.3147064756909421	0.3147064756909421	0.3147064756909421	0.3147064756909421	0.3147064756909421	0.3147064756909421	0.3147064756909421	0.3167238248940892
Seed-P1S2-a_S25.16S.R1 - illumina_small_rna_3'_adapter	0.0	0.0	0.0	0.0	0.0	0.0	0.0	0.0	0.0	0.0	0.0	0.0	0.0	0.0	0.0	0.0	0.0	0.0	0.0	0.0	0.0	0.0	0.0	0.0	0.0	0.0	0.0	0.0	0.0	0.0	0.0	0.0	0.0	0.0	0.0731997438008967	0.3614237350169274	0.3614237350169274	0.3614237350169274	0.3614237350169274	0.3614237350169274	0.3614237350169274	0.3614237350169274	0.3614237350169274	0.3614237350169274	0.3614237350169274	0.3614237350169274	0.3614237350169274	0.3614237350169274	0.3614237350169274	0.3614237350169274	0.3614237350169274	0.36371122701070546
Seed-P1S2-b_S33.16S.R1 - illumina_small_rna_3'_adapter	0.0	0.0	0.0	0.0	0.0	0.0	0.0	0.0	0.0	0.0	0.0	0.0	0.0	0.0	0.0	0.0	0.0	0.0	0.0	0.0	0.0	0.0	0.0	0.0	0.0	0.0	0.0	0.0	0.0	0.0	0.0	0.0	0.0	0.0	0.05663680362475543	0.28318401812377714	0.28318401812377714	0.28318401812377714	0.28318401812377714	0.28318401812377714	0.28318401812377714	0.28318401812377714	0.28318401812377714	0.28318401812377714	0.28318401812377714	0.28318401812377714	0.28318401812377714	0.28318401812377714	0.28318401812377714	0.28318401812377714	0.28318401812377714	0.28575841828853876
Seed-P1S2-c_S41.16S.R1 - illumina_small_rna_3'_adapter	0.0	0.0	0.0	0.0	0.0	0.0	0.0	0.0	0.0	0.0	0.0	0.0	0.0	0.0	0.0	0.0	0.0	0.0	0.0	0.0	0.0	0.0	0.0	0.0	0.0	0.0	0.0	0.0	0.0	0.0	0.0	0.0	0.0	0.0	0.07148777455449648	0.3574388727724824	0.3574388727724824	0.3574388727724824	0.3574388727724824	0.3574388727724824	0.3574388727724824	0.3574388727724824	0.3574388727724824	0.3574388727724824	0.3574388727724824	0.3574388727724824	0.3574388727724824	0.3574388727724824	0.3574388727724824	0.3574388727724824	0.3574388727724824	0.36002900953170325
Seed-P1S3-a_S49.16S.R1 - illumina_small_rna_3'_adapter	0.0	0.0	0.0	0.0	0.0	0.0	0.0	0.0	0.0	0.0	0.0	0.0	0.0	0.0	0.0	0.0	0.0	0.0	0.0	0.0	0.0	0.0	0.0	0.0	0.0	0.0	0.0	0.0	0.0	0.0	0.0	0.0	0.0	0.0	0.05053813757604118	0.24333177351427232	0.24333177351427232	0.24333177351427232	0.24333177351427232	0.24333177351427232	0.24333177351427232	0.24333177351427232	0.24333177351427232	0.24333177351427232	0.24333177351427232	0.24333177351427232	0.24333177351427232	0.24333177351427232	0.24333177351427232	0.24333177351427232	0.24333177351427232	0.24567150210575572
Seed-P1S3-b_S57.16S.R1 - illumina_small_rna_3'_adapter	0.0	0.0	0.0	0.0	0.0	0.0	0.0	0.0	0.0	0.0	0.0	0.0	0.0	0.0	0.0	0.0	0.0	0.0	0.0	0.0	0.0	0.0	0.0	0.0	0.0	0.0	0.0	0.0	0.0	0.0	0.0	0.0	0.0	0.0	0.025919206131743623	0.13700151812493058	0.13700151812493058	0.13700151812493058	0.13700151812493058	0.13700151812493058	0.13700151812493058	0.13700151812493058	0.13700151812493058	0.13700151812493058	0.13700151812493058	0.13700151812493058	0.13700151812493058	0.13700151812493058	0.13700151812493058	0.13700151812493058	0.13700151812493058	0.1388528899914837
Seed-P1S3-c_S65.16S.R1 - illumina_small_rna_3'_adapter	0.0	0.0	0.0	0.0	0.0	0.0	0.0	0.0	0.0	0.0	0.0	0.0	0.0	0.0	0.0	0.0	0.0	0.0	0.0	0.0	0.0	0.0	0.0	0.0	0.0	0.0	0.0	0.0	0.0	0.0	0.0	0.0	0.0	0.0	0.028372688998718653	0.14643968515467692	0.14643968515467692	0.14643968515467692	0.14643968515467692	0.14643968515467692	0.14643968515467692	0.14643968515467692	0.14643968515467692	0.14643968515467692	0.14643968515467692	0.14643968515467692	0.14643968515467692	0.14643968515467692	0.14643968515467692	0.14643968515467692	0.14643968515467692	0.14872780523521875
Seed-P1S4-a_S73.16S.R1 - illumina_small_rna_3'_adapter	0.0	0.0	0.0	0.0	0.0	0.0	0.0	0.0	0.0	0.0	0.0	0.0	0.0	0.0	0.0	0.0	0.0	0.0	0.0	0.0	0.0	0.0	0.0	0.0	0.0	0.0	0.0	0.0	0.0	0.0	0.0	0.0	0.0	0.0	0.05963266279716943	0.29418780313270254	0.29418780313270254	0.29418780313270254	0.29418780313270254	0.29418780313270254	0.29418780313270254	0.29418780313270254	0.29418780313270254	0.29418780313270254	0.29418780313270254	0.29418780313270254	0.29418780313270254	0.29418780313270254	0.29418780313270254	0.29418780313270254	0.29418780313270254	0.29617555855927485
Seed-P1S4-b_S81.16S.R1 - illumina_small_rna_3'_adapter	0.0	0.0	0.0	0.0	0.0	0.0	0.0	0.0	0.0	0.0	0.0	0.0	0.0	0.0	0.0	0.0	0.0	0.0	0.0	0.0	0.0	0.0	0.0	0.0	0.0	0.0	0.0	0.0	0.0	0.0	0.0	0.0	0.0	0.0	0.04615445828194008	0.22281462618867623	0.22281462618867623	0.22281462618867623	0.22281462618867623	0.22281462618867623	0.22281462618867623	0.22281462618867623	0.22281462618867623	0.22281462618867623	0.22281462618867623	0.22281462618867623	0.22281462618867623	0.22281462618867623	0.22281462618867623	0.22281462618867623	0.22281462618867623	0.22480404249393227
Seed-P1S4-c_S88.16S.R1 - illumina_small_rna_3'_adapter	0.0	0.0	0.0	0.0	0.0	0.0	0.0	0.0	0.0	0.0	0.0	0.0	0.0	0.0	0.0	0.0	0.0	0.0	0.0	0.0	0.0	0.0019688269073010667	0.0032813781788351105	0.0032813781788351105	0.0032813781788351105	0.0032813781788351105	0.0032813781788351105	0.0032813781788351105	0.0032813781788351105	0.0032813781788351105	0.0032813781788351105	0.0032813781788351105	0.0032813781788351105	0.0032813781788351105	0.06890894175553733	0.3373256767842493	0.3379819524200164	0.3379819524200164	0.3379819524200164	0.3379819524200164	0.3379819524200164	0.3379819524200164	0.3379819524200164	0.3379819524200164	0.3379819524200164	0.3379819524200164	0.3379819524200164	0.3379819524200164	0.3379819524200164	0.3379819524200164	0.3379819524200164	0.33962264150943394
Seed-P2S4-b_S82.16S.R1 - illumina_small_rna_3'_adapter	0.0	0.0	0.0	0.0	0.0	0.0	0.0	0.0	0.0	0.0	0.0	0.0	0.0	0.0	0.0	0.0	0.0	0.0	0.0	0.0	0.0	0.0	0.0	0.0	0.0	0.0	0.0	0.0	0.0	0.0	0.0	0.0	0.0	0.0	0.021191320772101167	0.10595660386050583	0.10595660386050583	0.10595660386050583	0.10595660386050583	0.10595660386050583	0.10595660386050583	0.10595660386050583	0.10595660386050583	0.10595660386050583	0.10595660386050583	0.10595660386050583	0.10595660386050583	0.10595660386050583	0.10595660386050583	0.10595660386050583	0.10595660386050583	0.10826000829225596
Seed-P2S4-c_S89.16S.R1 - illumina_small_rna_3'_adapter	0.0	0.0	0.0	0.0	0.0	0.0	0.0	0.0	0.0	0.0	0.0	0.0	0.0	0.0	0.0	0.0	0.0	0.0	0.0	0.0	0.0	0.002263980076975323	0.0037733001282922044	0.0037733001282922044	0.0037733001282922044	0.0037733001282922044	0.0037733001282922044	0.0037733001282922044	0.0037733001282922044	0.0037733001282922044	0.0037733001282922044	0.0037733001282922044	0.0037733001282922044	0.0037733001282922044	0.02641310089804543	0.11697230397705834	0.11697230397705834	0.11697230397705834	0.11697230397705834	0.11697230397705834	0.11697230397705834	0.11697230397705834	0.11697230397705834	0.11697230397705834	0.11697230397705834	0.11697230397705834	0.11697230397705834	0.11697230397705834	0.11697230397705834	0.11697230397705834	0.11697230397705834	0.11885895404120445
Seed-P6S2-a_S6.16S.R1 - illumina_small_rna_3'_adapter	0.0	0.0	0.0	0.0	0.0	0.0	0.0	0.0	0.0	0.0	0.0	0.0	0.0	0.0	0.0	0.0	0.0	0.0	0.0	0.0	0.0	0.0	0.0	0.0	0.0	0.0	0.0	0.0	0.0	0.0	0.0	0.0	0.0	0.0	0.030190198248968503	0.15095099124484251	0.15095099124484251	0.15095099124484251	0.15095099124484251	0.15095099124484251	0.15095099124484251	0.15095099124484251	0.15095099124484251	0.15095099124484251	0.15095099124484251	0.15095099124484251	0.15095099124484251	0.15095099124484251	0.15095099124484251	0.15095099124484251	0.15095099124484251	0.15346684109892322
Seed-P6S2-b_S14.16S.R1 - illumina_small_rna_3'_adapter	0.0	0.0	0.0	0.0	0.0	0.0	0.0	0.0	0.0	0.0	0.0	0.0	0.0	0.0	0.0	0.0	0.0	0.0	0.0	0.0	0.0	0.0	0.0	0.0	0.0	0.0	0.0	0.0	0.0	0.0	0.0	0.0	0.0	0.0	0.02142996298460939	0.11202026105591271	0.11202026105591271	0.11202026105591271	0.11202026105591271	0.11202026105591271	0.11202026105591271	0.11202026105591271	0.11202026105591271	0.11202026105591271	0.11202026105591271	0.11202026105591271	0.11202026105591271	0.11202026105591271	0.11202026105591271	0.11202026105591271	0.11202026105591271	0.1144554841223456
Seed-P6S2-c_S22.16S.R1 - illumina_small_rna_3'_adapter	0.0	0.0	0.0	0.0	0.0	0.0	0.0	0.0	0.0	0.0	0.0	0.0	0.0	0.0	0.0	0.0	0.0	0.0	0.0	0.0	0.0	0.0	0.0	0.0	0.0	0.0	0.0	0.0	0.0	0.0	0.0	0.0	0.0	0.0	0.024711254364759603	0.123556271823798	0.123556271823798	0.123556271823798	0.123556271823798	0.123556271823798	0.123556271823798	0.123556271823798	0.123556271823798	0.123556271823798	0.123556271823798	0.123556271823798	0.123556271823798	0.123556271823798	0.123556271823798	0.123556271823798	0.123556271823798	0.126242277733011
Seed-P6S3-a_S30.16S.R1 - illumina_small_rna_3'_adapter	0.0	0.0	0.0	0.0	0.0	0.0	0.0	0.0	0.0	0.0	0.0	0.0	0.0	0.0	0.0	0.0	0.0	0.0	0.0	0.0	0.0	0.0	0.0	0.0	0.0	0.0	0.0	0.0	0.0	0.0	0.0	0.0	0.0	0.0	0.027624309392265196	0.13812154696132597	0.13812154696132597	0.13812154696132597	0.13812154696132597	0.13812154696132597	0.13812154696132597	0.13812154696132597	0.13812154696132597	0.13812154696132597	0.13812154696132597	0.13812154696132597	0.13812154696132597	0.13812154696132597	0.13812154696132597	0.13812154696132597	0.13812154696132597	0.1407777305567361
Soil-P2S1-a_S95.16S.R1 - illumina_small_rna_3'_adapter	0.0	0.0	0.0	0.0	0.0	0.0	0.0	0.0	0.0	0.0	0.0	0.0	0.0	0.0	0.0	0.0	0.0	0.0	0.0	0.0	0.0	0.0	0.0	0.0	0.0	0.0	0.0	0.0	0.0	0.0	0.0	0.0	0.0	0.0	0.22827818085294638	1.8970093788709963	1.897894178021589	1.897894178021589	1.897894178021589	1.897894178021589	1.897894178021589	1.897894178021589	1.897894178021589	1.897894178021589	1.897894178021589	1.897894178021589	1.897894178021589	1.897894178021589	1.897894178021589	1.897894178021589	1.897894178021589	1.900106175898071
Soil-P2S1-b_S101.16S.R1 - illumina_small_rna_3'_adapter	0.0	0.0	0.0	0.0	0.0	0.0	0.0	0.0	0.0	0.0	0.0	0.0	0.0	0.0	0.0	0.0	0.0	0.0	0.0	0.0	0.0	0.0	0.0	0.0	0.0	0.0	0.0	0.0	0.0	0.0	0.0	0.0	0.0	0.0	0.27707808564231734	2.575769887056147	2.575769887056147	2.575769887056147	2.575769887056147	2.575769887056147	2.575769887056147	2.575769887056147	2.575769887056147	2.575769887056147	2.575769887056147	2.575769887056147	2.575769887056147	2.575769887056147	2.575769887056147	2.575769887056147	2.575769887056147	2.5778012513203867
Soil-P2S1-c_S107.16S.R1 - illumina_small_rna_3'_adapter	0.0	0.0	0.0	0.0	0.0	0.0	0.0	0.0	0.0	0.0	0.0	0.0	0.0	0.0	0.0	0.0	0.0	0.0	0.0	0.0	0.0	0.0	0.0	0.0	0.0	0.0	0.0	0.0	0.0	0.0	0.0	0.0	0.0	0.0	0.12623772140912853	0.9617736399857982	0.9625626257446053	0.9625626257446053	0.9625626257446053	0.9625626257446053	0.9625626257446053	0.9625626257446053	0.9625626257446053	0.9625626257446053	0.9625626257446053	0.9625626257446053	0.9625626257446053	0.9625626257446053	0.9625626257446053	0.9625626257446053	0.9625626257446053	0.964535090141623
Soil-P2S2-a_S113.16S.R1 - illumina_small_rna_3'_adapter	0.0	0.0	0.0	0.0	0.0	0.0	0.0	0.0	0.0	0.0	0.0	0.0	0.0	0.0	0.0	0.0	0.0	0.0	0.0	0.0	0.0	0.0	0.0	0.0	0.0	0.0	0.0	0.0	0.0	0.0	0.0	0.0	0.0	0.0	0.22190967338646664	1.844038130957962	1.844038130957962	1.844038130957962	1.844038130957962	1.844038130957962	1.844038130957962	1.844038130957962	1.844038130957962	1.844038130957962	1.844038130957962	1.844038130957962	1.844038130957962	1.844038130957962	1.844038130957962	1.844038130957962	1.844038130957962	1.8459915611814346
Soil-P2S2-b_S119.16S.R1 - illumina_small_rna_3'_adapter	0.0	0.0	0.0	0.0	0.0	0.0	0.0	0.0	0.0	0.0	0.0	0.0	0.0	0.0	0.0	0.0	0.0	0.0	0.0	0.0	0.0	0.0	0.0	0.0	0.0	0.0	0.0	0.0	0.0	0.0	0.0	0.0	0.0	0.0	0.20195960807838437	1.5296940611877625	1.5296940611877625	1.5296940611877625	1.5296940611877625	1.5296940611877625	1.5296940611877625	1.5296940611877625	1.5296940611877625	1.5296940611877625	1.5296940611877625	1.5296940611877625	1.5296940611877625	1.5296940611877625	1.5296940611877625	1.5296940611877625	1.5296940611877625	1.5321935612877424
Soil-P2S2-c_S125.16S.R1 - illumina_small_rna_3'_adapter	0.0	0.0	0.0	0.0	0.0	0.0	0.0	0.0	0.0	0.0	0.0	0.0	0.0	0.0	0.0	0.0	0.0	0.0	0.0	0.0	0.0	0.0028495440729483282	0.004749240121580547	0.004749240121580547	0.004749240121580547	0.004749240121580547	0.004749240121580547	0.004749240121580547	0.004749240121580547	0.004749240121580547	0.004749240121580547	0.004749240121580547	0.004749240121580547	0.004749240121580547	0.260258358662614	1.804711246200608	1.804711246200608	1.804711246200608	1.804711246200608	1.804711246200608	1.804711246200608	1.804711246200608	1.804711246200608	1.804711246200608	1.804711246200608	1.804711246200608	1.804711246200608	1.804711246200608	1.804711246200608	1.804711246200608	1.804711246200608	1.807085866261398
Soil-P2S3-a_S131.16S.R1 - illumina_small_rna_3'_adapter	0.0	0.0	0.0	0.0	0.0	0.0	0.0	0.0	0.0	0.0	0.0	0.0	0.0	0.0	0.0	0.0	0.0	0.0	0.0	0.0	0.0	0.0	0.0	0.0	0.0	0.0	0.0	0.0	0.0	0.0	0.0	0.0	0.0	0.0	0.21947573735827045	1.7463268803091618	1.7463268803091618	1.7463268803091618	1.7463268803091618	1.7463268803091618	1.7463268803091618	1.7463268803091618	1.7463268803091618	1.7463268803091618	1.7463268803091618	1.7463268803091618	1.7463268803091618	1.7463268803091618	1.7463268803091618	1.7463268803091618	1.7463268803091618	1.7481497684932006
Soil-P2S3-b_S137.16S.R1 - illumina_small_rna_3'_adapter	0.0	0.0	0.0	0.0	0.0	0.0	0.0	0.0	0.0	0.0	0.0	0.0	0.0	0.0	0.0	0.0	0.0	0.0	0.0	0.0	0.0	0.0	0.0	0.0	0.0	0.0	0.0	0.0	0.0	0.0	0.0	0.0	0.0	0.0	0.2219295094399872	1.852073603959606	1.852073603959606	1.852073603959606	1.852073603959606	1.852073603959606	1.852073603959606	1.852073603959606	1.852073603959606	1.852073603959606	1.852073603959606	1.852073603959606	1.852073603959606	1.852073603959606	1.852073603959606	1.852073603959606	1.852073603959606	1.8540693729293898
Soil-P2S3-c_S143.16S.R1 - illumina_small_rna_3'_adapter	0.0	0.0	0.0	0.0	0.0	0.0	0.0	0.0	0.0	0.0	0.0	0.0	0.0	0.0	0.0	0.0	0.0	0.0	0.0	0.0	0.0	0.0	0.0	0.0	0.0	0.0	0.0	0.0	0.0	0.0	0.0	0.0	0.0	0.0	0.16513606875052658	1.4533659111972366	1.4533659111972366	1.4533659111972366	1.4533659111972366	1.4533659111972366	1.4533659111972366	1.4533659111972366	1.4533659111972366	1.4533659111972366	1.4533659111972366	1.4533659111972366	1.4533659111972366	1.4533659111972366	1.4533659111972366	1.4533659111972366	1.4533659111972366	1.4554722386047687
Soil-P2S4-a_S149.16S.R1 - illumina_small_rna_3'_adapter	0.0	0.0	0.0	0.0	0.0	0.0	0.0	0.0	0.0	0.0	0.0	0.0	0.0	0.0	0.0	0.0	0.0	0.0	0.0	0.0	0.0	0.0	0.0	0.0	0.0	0.0	0.0	0.0	0.0	0.0	0.0	0.0	0.0	0.0	0.18415071079092346	1.4015487151828026	1.4023192202488732	1.4023192202488732	1.4023192202488732	1.4023192202488732	1.4023192202488732	1.4023192202488732	1.4023192202488732	1.4023192202488732	1.4023192202488732	1.4023192202488732	1.4023192202488732	1.4023192202488732	1.4023192202488732	1.4023192202488732	1.4023192202488732	1.40424548291405
Soil-P2S4-b_S155.16S.R1 - illumina_small_rna_3'_adapter	0.0	0.0	0.0	0.0	0.0	0.0	0.0	0.0	0.0	0.0	0.0	0.0	0.0	0.0	0.0	0.0	0.0	0.0	0.0	0.0	0.0	0.0	0.0	0.0	0.0	0.0	0.0	0.0	0.0	0.0	0.0	0.0	0.0	0.0	0.2540129074962767	1.9692205858017542	1.9692205858017542	1.9692205858017542	1.9692205858017542	1.9692205858017542	1.9692205858017542	1.9692205858017542	1.9692205858017542	1.9692205858017542	1.9692205858017542	1.9692205858017542	1.9692205858017542	1.9692205858017542	1.9692205858017542	1.9692205858017542	1.9692205858017542	1.9712890948204533
Soil-P2S4-c_S160.16S.R1 - illumina_small_rna_3'_adapter	0.0	0.0	0.0	0.0	0.0	0.0	0.0	0.0	0.0	0.0	0.0	0.0	0.0	0.0	0.0	0.0	0.0	0.0	0.0	0.0	0.0	0.0	0.0	0.0	0.0	0.0	0.0	0.0	0.0	0.0	0.0	0.0	0.0	0.0	0.20857548753713034	1.7983985535322227	1.7983985535322227	1.7983985535322227	1.7983985535322227	1.7983985535322227	1.7983985535322227	1.7983985535322227	1.7983985535322227	1.7983985535322227	1.7983985535322227	1.7983985535322227	1.7983985535322227	1.7983985535322227	1.7983985535322227	1.7983985535322227	1.7983985535322227	1.8000129148908692
Soil-P3S1-a_S96.16S.R1 - illumina_small_rna_3'_adapter	0.0	0.0	0.0	0.0	0.0	0.0	0.0	0.0	0.0	0.0	0.0	0.0	0.0	0.0	0.0	0.0	0.0	0.0	0.0	0.0	0.0	0.0	0.0	0.0	0.0	0.0	0.0	0.0	0.0	0.0	0.0	0.0	0.0	0.0	0.17734482327963033	4.1538653678031725	4.154697972607302	4.154697972607302	4.154697972607302	4.154697972607302	4.154697972607302	4.154697972607302	4.154697972607302	4.154697972607302	4.154697972607302	4.154697972607302	4.154697972607302	4.154697972607302	4.154697972607302	4.154697972607302	4.154697972607302	4.156779484617626
Soil-P3S1-b_S102.16S.R1 - illumina_small_rna_3'_adapter	0.0	0.0	0.0	0.0	0.0	0.0	0.0	0.0	0.0	0.0	0.0	0.0	0.0	0.0	0.0	0.0	0.0	0.0	0.0	0.0	0.0	0.0	0.0	0.0	0.0	0.0	0.0	0.0	0.0	0.0	0.0	0.0	0.0	0.0	0.1490053702443083	4.360487103849936	4.364268966038877	4.364268966038877	4.364268966038877	4.364268966038877	4.364268966038877	4.364268966038877	4.364268966038877	4.364268966038877	4.364268966038877	4.364268966038877	4.364268966038877	4.364268966038877	4.364268966038877	4.364268966038877	4.364268966038877	4.366159897133349
Soil-P3S1-c_S108.16S.R1 - illumina_small_rna_3'_adapter	0.0	0.0	0.0	0.0	0.0	0.0	0.0	0.0	0.0	0.0	0.0	0.0	0.0	0.0	0.0	0.0	0.0	0.0	0.0	0.0	0.0	0.0	0.0	0.0	0.0	0.0	0.0	0.0	0.0	0.0	0.0	0.0	0.0	0.0	0.15640194489465153	4.542139384116694	4.546191247974068	4.546191247974068	4.546191247974068	4.546191247974068	4.546191247974068	4.546191247974068	4.546191247974068	4.546191247974068	4.546191247974068	4.546191247974068	4.546191247974068	4.546191247974068	4.546191247974068	4.546191247974068	4.546191247974068	4.548217179902755
Soil-P3S2-a_S114.16S.R1 - illumina_small_rna_3'_adapter	0.0	0.0	0.0	0.0	0.0	0.0	0.0	0.0	0.0	0.0	0.0	0.0	0.0	0.0	0.0	0.0	0.0	0.0	0.0	0.0	0.0	0.0	0.0	0.0	0.0	0.0	0.0	0.0	0.0	0.0	0.0	0.0	0.0	0.0	0.1828853351480095	5.102926165362367	5.103776794828173	5.103776794828173	5.103776794828173	5.103776794828173	5.103776794828173	5.103776794828173	5.103776794828173	5.103776794828173	5.103776794828173	5.103776794828173	5.103776794828173	5.103776794828173	5.103776794828173	5.103776794828173	5.103776794828173	5.105903368492685
Soil-P3S2-b_S120.16S.R1 - illumina_small_rna_3'_adapter	0.0	0.0	0.0	0.0	0.0	0.0	0.0	0.0	0.0	0.0	0.0	0.0	0.0	0.0	0.0	0.0	0.0	0.0	0.0	0.0	0.0	0.0	0.0	0.0	0.0	0.0	0.0	0.0	0.0	0.0	0.0	0.0	0.0	0.0	0.1488003521901827	5.088267664538851	5.089148139995598	5.089148139995598	5.089148139995598	5.089148139995598	5.089148139995598	5.089148139995598	5.089148139995598	5.089148139995598	5.089148139995598	5.089148139995598	5.089148139995598	5.089148139995598	5.089148139995598	5.089148139995598	5.089148139995598	5.091349328637465
Soil-P3S2-c_S126.16S.R1 - illumina_small_rna_3'_adapter	0.0	0.0	0.0	0.0	0.0	0.0	0.0	0.0	0.0	0.0	0.0	0.0	0.0	0.0	0.0	0.0	0.0	0.0	0.0	0.0	0.0	0.0	0.0	0.0	0.0	0.0	0.0	0.0	0.0	0.0	0.0	0.0	0.0	0.0	0.1585354345569501	5.355289232801736	5.355289232801736	5.355289232801736	5.355289232801736	5.355289232801736	5.355289232801736	5.355289232801736	5.355289232801736	5.355289232801736	5.355289232801736	5.355289232801736	5.355289232801736	5.355289232801736	5.355289232801736	5.355289232801736	5.355289232801736	5.357648391054072
Soil-P3S3-a_S132.16S.R1 - illumina_small_rna_3'_adapter	0.0	0.0	0.0	0.0	0.0	0.0	0.0	0.0	0.0	0.0	0.0	0.0	0.0	0.0	0.0	0.0	0.0	0.0	0.0	0.0	0.0	0.0	0.0	0.0	0.0	0.0	0.0	0.0	0.0	0.0	0.0	0.0	0.0	0.0	0.13075634372573858	3.325297266375189	3.3261144935234754	3.3261144935234754	3.3261144935234754	3.3261144935234754	3.3261144935234754	3.3261144935234754	3.3261144935234754	3.3261144935234754	3.3261144935234754	3.3261144935234754	3.3261144935234754	3.3261144935234754	3.3261144935234754	3.3261144935234754	3.3261144935234754	3.32815756139419
Soil-P3S3-b_S138.16S.R1 - illumina_small_rna_3'_adapter	0.0	0.0	0.0	0.0	0.0	0.0	0.0	0.0	0.0	0.0	0.0	0.0	0.0	0.0	0.0	0.0	0.0	0.0	0.0	0.0	0.0	0.0	0.0	0.0	0.0	0.0	0.0	0.0	0.0	0.0	0.0	0.0	0.0	0.0	0.13869748833074017	3.202489442098244	3.20515670148922	3.20515670148922	3.20515670148922	3.20515670148922	3.20515670148922	3.20515670148922	3.20515670148922	3.20515670148922	3.20515670148922	3.20515670148922	3.20515670148922	3.20515670148922	3.20515670148922	3.20515670148922	3.20515670148922	3.207379417648366
Soil-P3S3-c_S144.16S.R1 - illumina_small_rna_3'_adapter	0.0	0.0	0.0	0.0	0.0	0.0	0.0	0.0	0.0	0.0	0.0	0.0	0.0	0.0	0.0	0.0	0.0	0.0	0.0	0.0	0.0	0.0	0.0	0.0	0.0	0.0	0.0	0.0	0.0	0.0	0.0	0.0	0.0	0.0	0.11081185071181224	2.7102731819930743	2.712581762216237	2.712581762216237	2.712581762216237	2.712581762216237	2.712581762216237	2.712581762216237	2.712581762216237	2.712581762216237	2.712581762216237	2.712581762216237	2.712581762216237	2.712581762216237	2.712581762216237	2.712581762216237	2.712581762216237	2.714505579068873
Soil-P3S4-a_S150.16S.R1 - illumina_small_rna_3'_adapter	0.0	0.0	0.0	0.0	0.0	0.0	0.0	0.0	0.0	0.0	0.0	0.0	0.0	0.0	0.0	0.0	0.0	0.0	0.0	0.0	0.0	0.0	0.0	0.0	0.0	0.0	0.0	0.0	0.0	0.0	0.0	0.0	0.0	0.0	0.12991072979262913	2.7850915280141724	2.7857862377991593	2.7857862377991593	2.7857862377991593	2.7857862377991593	2.7857862377991593	2.7857862377991593	2.7857862377991593	2.7857862377991593	2.7857862377991593	2.7857862377991593	2.7857862377991593	2.7857862377991593	2.7857862377991593	2.7857862377991593	2.7857862377991593	2.7875230122616275
Soil-P3S4-b_S156.16S.R1 - illumina_small_rna_3'_adapter	0.0	0.0	0.0	0.0	0.0	0.0	0.0	0.0	0.0	0.0	0.0	0.0	0.0	0.0	0.0	0.0	0.0	0.0	0.0	0.0	0.0	0.0	0.0	0.0	0.0	0.0	0.0	0.0	0.0	0.0	0.0	0.0	0.0	0.0	0.1819179800831177	4.877283776366345	4.877283776366345	4.877283776366345	4.877283776366345	4.877283776366345	4.877283776366345	4.877283776366345	4.877283776366345	4.877283776366345	4.877283776366345	4.877283776366345	4.877283776366345	4.877283776366345	4.877283776366345	4.877283776366345	4.877283776366345	4.879244099427586
Soil-P3S4-c_S161.16S.R1 - illumina_small_rna_3'_adapter	0.0	0.0	0.0	0.0	0.0	0.0	0.0	0.0	0.0	0.0	0.0	0.0	0.0	0.0	0.0	0.0	0.0	0.0	0.0	0.0	0.0	0.0	0.0	0.0	0.0	0.0	0.0	0.0	0.0	0.0	0.0	0.0	0.0	0.0	0.1879987722529159	4.737569060773481	4.7383364027010435	4.7383364027010435	4.7383364027010435	4.7383364027010435	4.7383364027010435	4.7383364027010435	4.7383364027010435	4.7383364027010435	4.7383364027010435	4.7383364027010435	4.7383364027010435	4.7383364027010435	4.7383364027010435	4.7383364027010435	4.7383364027010435	4.740254757519951
Soil-P3S5-a_S97.16S.R1 - illumina_small_rna_3'_adapter	0.0	0.0	0.0	0.0	0.0	0.0	0.0	0.0	0.0	0.0	0.0	0.0	0.0	0.0	0.0	0.0	0.0	0.0	0.0	0.0	0.0	0.0	0.0	0.0	0.0	0.0	0.0	0.0	0.0	0.0	0.0	0.0	0.0	0.0	0.1551662495530926	2.4669288523417947	2.4669288523417947	2.4669288523417947	2.4669288523417947	2.4669288523417947	2.4669288523417947	2.4669288523417947	2.4669288523417947	2.4669288523417947	2.4669288523417947	2.4669288523417947	2.4669288523417947	2.4669288523417947	2.4669288523417947	2.4669288523417947	2.4669288523417947	2.468716481944941
Soil-P3S5-b_S103.16S.R1 - illumina_small_rna_3'_adapter	0.0	0.0	0.0	0.0	0.0	0.0	0.0	0.0	0.0	0.0	0.0	0.0	0.0	0.0	0.0	0.0	0.0	0.0	0.0	0.0	0.0	0.0019446425098852659	0.0032410708498087767	0.0032410708498087767	0.0032410708498087767	0.0032410708498087767	0.0032410708498087767	0.0032410708498087767	0.0032410708498087767	0.0032410708498087767	0.0032410708498087767	0.0032410708498087767	0.0032410708498087767	0.0032410708498087767	0.14779283075128022	2.8236209243534063	2.8262137810332533	2.8262137810332533	2.8262137810332533	2.8262137810332533	2.8262137810332533	2.8262137810332533	2.8262137810332533	2.8262137810332533	2.8262137810332533	2.8262137810332533	2.8262137810332533	2.8262137810332533	2.8262137810332533	2.8262137810332533	2.8262137810332533	2.8278343164581576
Soil-P3S5-c_S109.16S.R1 - illumina_small_rna_3'_adapter	0.0	0.0	0.0	0.0	0.0	0.0	0.0	0.0	0.0	0.0	0.0	0.0	0.0	0.0	0.0	0.0	0.0	0.0	0.0	0.0	0.0	0.0	0.0	0.0	0.0	0.0	0.0	0.0	0.0	0.0	0.0	0.0	0.0	0.0	0.1843079200592154	3.721687638786084	3.7268689859363433	3.7268689859363433	3.7268689859363433	3.7268689859363433	3.7268689859363433	3.7268689859363433	3.7268689859363433	3.7268689859363433	3.7268689859363433	3.7268689859363433	3.7268689859363433	3.7268689859363433	3.7268689859363433	3.7268689859363433	3.7268689859363433	3.7287194670614356
Soil-P4S1-a_S115.16S.R1 - illumina_small_rna_3'_adapter	0.0	0.0	0.0	0.0	0.0	0.0	0.0	0.0	0.0	0.0	0.0	0.0	0.0	0.0	0.0	0.0	0.0	0.0	0.0	0.0	0.0	0.0	0.0	0.0	0.0	0.0	0.0	0.0	0.0	0.0	0.0	0.0	0.0	0.0	0.1774067310200887	1.9902351757295667	1.9902351757295667	1.9902351757295667	1.9902351757295667	1.9902351757295667	1.9902351757295667	1.9902351757295667	1.9902351757295667	1.9902351757295667	1.9902351757295667	1.9902351757295667	1.9902351757295667	1.9902351757295667	1.9902351757295667	1.9902351757295667	1.9902351757295667	1.9920986918117105
Soil-P4S1-b_S121.16S.R1 - illumina_small_rna_3'_adapter	0.0	0.0	0.0	0.0	0.0	0.0	0.0	0.0	0.0	0.0	0.0	0.0	0.0	0.0	0.0	0.0	0.0	0.0	0.0	0.0	0.0	0.0	0.0	0.0	0.0	0.0	0.0	0.0	0.0	0.0	0.0	0.0	0.0	0.0	0.15212449728973595	1.6130442385032349	1.6130442385032349	1.6130442385032349	1.6130442385032349	1.6130442385032349	1.6130442385032349	1.6130442385032349	1.6130442385032349	1.6130442385032349	1.6130442385032349	1.6130442385032349	1.6130442385032349	1.6130442385032349	1.6130442385032349	1.6130442385032349	1.6130442385032349	1.6152299353033748
Soil-P4S1-c_S127.16S.R1 - illumina_small_rna_3'_adapter	0.0	0.0	0.0	0.0	0.0	0.0	0.0	0.0	0.0	0.0	0.0	0.0	0.0	0.0	0.0	0.0	0.0	0.0	0.0	0.0	0.0	0.0	0.0	0.0	0.0	0.0	0.0	0.0	0.0	0.0	0.0	0.0	0.0	0.0	0.1785801414979263	1.7321297877531106	1.7321297877531106	1.7321297877531106	1.7321297877531106	1.7321297877531106	1.7321297877531106	1.7321297877531106	1.7321297877531106	1.7321297877531106	1.7321297877531106	1.7321297877531106	1.7321297877531106	1.7321297877531106	1.7321297877531106	1.7321297877531106	1.7321297877531106	1.734569407172481
Soil-P4S2-a_S133.16S.R1 - illumina_small_rna_3'_adapter	0.0	0.0	0.0	0.0	0.0	0.0	0.0	0.0	0.0	0.0	0.0	0.0	0.0	0.0	0.0	0.0	0.0	0.0	0.0	0.0	0.0	0.0	0.0	0.0	0.0	0.0	0.0	0.0	0.0	0.0	0.0	0.0	0.0	0.0	0.19132555835048404	2.0923850903270065	2.0923850903270065	2.0923850903270065	2.0923850903270065	2.0923850903270065	2.0923850903270065	2.0923850903270065	2.0923850903270065	2.0923850903270065	2.0923850903270065	2.0923850903270065	2.0923850903270065	2.0923850903270065	2.0923850903270065	2.0923850903270065	2.0923850903270065	2.094290723378306
Soil-P4S2-b_S139.16S.R1 - illumina_small_rna_3'_adapter	0.0	0.0	0.0	0.0	0.0	0.0	0.0	0.0	0.0	0.0	0.0	0.0	0.0	0.0	0.0	0.0	0.0	0.0	0.0	0.0	0.0	0.0	0.0	0.0	0.0	0.0	0.0	0.0	0.0	0.0	0.0	0.0	0.0	0.0	0.19875396552383137	2.067805679776784	2.067805679776784	2.067805679776784	2.067805679776784	2.067805679776784	2.067805679776784	2.067805679776784	2.067805679776784	2.067805679776784	2.067805679776784	2.067805679776784	2.067805679776784	2.067805679776784	2.067805679776784	2.067805679776784	2.067805679776784	2.0697167755991286
Soil-P4S2-c_S145.16S.R1 - illumina_small_rna_3'_adapter	0.0	0.0	0.0	0.0	0.0	0.0	0.0	0.0	0.0	0.0	0.0	0.0	0.0	0.0	0.0	0.0	0.0	0.0	0.0	0.0	0.0	0.0	0.0	0.0	0.0	0.0	0.0	0.0	0.0	0.0	0.0	0.0	0.0	0.0	0.19743336623889438	2.1240008916345574	2.1240008916345574	2.1240008916345574	2.1240008916345574	2.1240008916345574	2.1240008916345574	2.1240008916345574	2.1240008916345574	2.1240008916345574	2.1240008916345574	2.1240008916345574	2.1240008916345574	2.1240008916345574	2.1240008916345574	2.1240008916345574	2.1240008916345574	2.125593096201
Soil-P4S3-a_S151.16S.R1 - illumina_small_rna_3'_adapter	0.0	0.0	0.0	0.0	0.0	0.0	0.0	0.0	0.0	0.0	0.0	0.0	0.0	0.0	0.0	0.0	0.0	0.0	0.0	0.0	0.0	0.0	0.0	0.0	0.0	0.0	0.0	0.0	0.0	0.0	0.0	0.0	0.0020668274199104374	0.0034447123665173962	0.149500516706855	1.8842576644850155	1.8842576644850155	1.8842576644850155	1.8842576644850155	1.8842576644850155	1.8842576644850155	1.8842576644850155	1.8842576644850155	1.8842576644850155	1.8842576644850155	1.8842576644850155	1.8842576644850155	1.8842576644850155	1.8842576644850155	1.8842576644850155	1.8842576644850155	1.8859800206682742
Soil-P4S3-b_S157.16S.R1 - illumina_small_rna_3'_adapter	0.0	0.0	0.0	0.0	0.0	0.0	0.0	0.0	0.0	0.0	0.0	0.0	0.0	0.0	0.0	0.0	0.0	0.0	0.0	0.0	0.0	0.0	0.0	0.0	0.0	0.0	0.0	0.0	0.0	0.0	0.0	0.0	0.0	0.0	0.16687292905904427	2.151782506287676	2.151782506287676	2.151782506287676	2.151782506287676	2.151782506287676	2.151782506287676	2.151782506287676	2.151782506287676	2.151782506287676	2.151782506287676	2.151782506287676	2.151782506287676	2.151782506287676	2.151782506287676	2.151782506287676	2.151782506287676	2.1537785939558463
Soil-P4S3-c_S162.16S.R1 - illumina_small_rna_3'_adapter	0.0	0.0	0.0	0.0	0.0	0.0	0.0	0.0	0.0	0.0	0.0	0.0	0.0	0.0	0.0	0.0	0.0	0.0	0.0	0.0	0.0	0.0	0.0	0.0	0.0	0.0	0.0	0.0	0.0	0.0	0.0	0.0	0.0	0.0	0.15694278274333168	2.0254768104722363	2.0268843690618623	2.0268843690618623	2.0268843690618623	2.0268843690618623	2.0268843690618623	2.0268843690618623	2.0268843690618623	2.0268843690618623	2.0268843690618623	2.0268843690618623	2.0268843690618623	2.0268843690618623	2.0268843690618623	2.0268843690618623	2.0268843690618623	2.028643817298895
Soil-P4S4-a_S98.16S.R1 - illumina_small_rna_3'_adapter	0.0	0.0	0.0	0.0	0.0	0.0	0.0	0.0	0.0	0.0	0.0	0.0	0.0	0.0	0.0	0.0	0.0	0.0	0.0	0.0	0.0	0.0	0.0	0.0	0.0	0.0	0.0	0.0	0.0	0.0	0.0	0.0	0.0	0.0	0.1806781618678327	1.7572807524131673	1.7572807524131673	1.7572807524131673	1.7572807524131673	1.7572807524131673	1.7572807524131673	1.7572807524131673	1.7572807524131673	1.7572807524131673	1.7572807524131673	1.7572807524131673	1.7572807524131673	1.7572807524131673	1.7572807524131673	1.7572807524131673	1.7572807524131673	1.7593432885075488
Soil-P4S4-b_S104.16S.R1 - illumina_small_rna_3'_adapter	0.0	0.0	0.0	0.0	0.0	0.0	0.0	0.0	0.0	0.0	0.0	0.0	0.0	0.0	0.0	0.0	0.0	0.0	0.0	0.0	0.0	0.0	0.0	0.0	0.0	0.0	0.0	0.0	0.0	0.0	0.0	0.0	0.0	0.0	0.19089989888776543	2.2123356926188067	2.2123356926188067	2.2123356926188067	2.2123356926188067	2.2123356926188067	2.2123356926188067	2.2123356926188067	2.2123356926188067	2.2123356926188067	2.2123356926188067	2.2123356926188067	2.2123356926188067	2.2123356926188067	2.2123356926188067	2.2123356926188067	2.2123356926188067	2.2143579373104147
Soil-P4S4-c_S110.16S.R1 - illumina_small_rna_3'_adapter	0.0	0.0	0.0	0.0	0.0	0.0	0.0	0.0	0.0	0.0	0.0	0.0	0.0	0.0	0.0	0.0	0.0	0.0	0.0	0.0	0.0	0.0	0.0	0.0	0.0	0.0	0.0	0.0	0.0	0.0	0.0	0.0	0.0	0.0	0.18850658857979502	2.7589677891654465	2.7589677891654465	2.7589677891654465	2.7589677891654465	2.7589677891654465	2.7589677891654465	2.7589677891654465	2.7589677891654465	2.7589677891654465	2.7589677891654465	2.7589677891654465	2.7589677891654465	2.7589677891654465	2.7589677891654465	2.7589677891654465	2.7589677891654465	2.7612554904831628
Soil-P5S1-a_S116.16S.R1 - illumina_small_rna_3'_adapter	0.0	0.0	0.0	0.0	0.0	0.0	0.0	0.0	0.0	0.0	0.0	0.0	0.0	0.0	0.0	0.0	0.0	0.0	0.0	0.0	0.0	0.0	0.0	0.0	0.0	0.0	0.0	0.0	0.0	0.0	0.0	0.0	0.0	0.0	0.1073896395405132	1.4039875005501519	1.4039875005501519	1.4039875005501519	1.4039875005501519	1.4039875005501519	1.4039875005501519	1.4039875005501519	1.4039875005501519	1.4039875005501519	1.4039875005501519	1.4039875005501519	1.4039875005501519	1.4039875005501519	1.4039875005501519	1.4039875005501519	1.4039875005501519	1.4061881079177854
Soil-P5S1-b_S122.16S.R1 - illumina_small_rna_3'_adapter	0.0	0.0	0.0	0.0	0.0	0.0	0.0	0.0	0.0	0.0	0.0	0.0	0.0	0.0	0.0	0.0	0.0	0.0	0.0	0.0	0.0	0.0	0.0	0.0	0.0	0.0	0.0	0.0	0.0	0.0	0.0	0.0	0.0	0.0	0.10751716660643296	1.395916154680159	1.395916154680159	1.395916154680159	1.395916154680159	1.395916154680159	1.395916154680159	1.395916154680159	1.395916154680159	1.395916154680159	1.395916154680159	1.395916154680159	1.395916154680159	1.395916154680159	1.395916154680159	1.395916154680159	1.395916154680159	1.3981749186844958
Soil-P5S1-c_S128.16S.R1 - illumina_small_rna_3'_adapter	0.0	0.0	0.0	0.0	0.0	0.0	0.0	0.0	0.0	0.0	0.0	0.0	0.0	0.0	0.0	0.0	0.0	0.0	0.0	0.0	0.0	0.0	0.0	0.0	0.0	0.0	0.0	0.0	0.0	0.0	0.0	0.0	0.0	0.0	0.09838369641602249	1.1365659405012885	1.1384399156711174	1.1384399156711174	1.1384399156711174	1.1384399156711174	1.1384399156711174	1.1384399156711174	1.1384399156711174	1.1384399156711174	1.1384399156711174	1.1384399156711174	1.1384399156711174	1.1384399156711174	1.1384399156711174	1.1384399156711174	1.1384399156711174	1.1407823846334035
Soil-P5S2-a_S134.16S.R1 - illumina_small_rna_3'_adapter	0.0	0.0	0.0	0.0	0.0	0.0	0.0	0.0	0.0	0.0	0.0	0.0	0.0	0.0	0.0	0.0	0.0	0.0	0.0	0.0	0.0	0.0	0.0	0.0	0.0	0.0	0.0	0.0	0.0	0.0	0.0	0.0	0.0	0.0	0.09776991480050282	1.3352576935611526	1.3361888356068718	1.3361888356068718	1.3361888356068718	1.3361888356068718	1.3361888356068718	1.3361888356068718	1.3361888356068718	1.3361888356068718	1.3361888356068718	1.3361888356068718	1.3361888356068718	1.3361888356068718	1.3361888356068718	1.3361888356068718	1.3361888356068718	1.3385166907211694
Soil-P5S2-b_S140.16S.R1 - illumina_small_rna_3'_adapter	0.0	0.0	0.0	0.0	0.0	0.0	0.0	0.0	0.0	0.0	0.0	0.0	0.0	0.0	0.0	0.0	0.0	0.0	0.0	0.0	0.0	0.0	0.0	0.0	0.0	0.0	0.0	0.0	0.0	0.0	0.0	0.0	0.0	0.0	0.11335904904353303	1.3217350232228608	1.3225222388412186	1.3225222388412186	1.3225222388412186	1.3225222388412186	1.3225222388412186	1.3225222388412186	1.3225222388412186	1.3225222388412186	1.3225222388412186	1.3225222388412186	1.3225222388412186	1.3225222388412186	1.3225222388412186	1.3225222388412186	1.3225222388412186	1.3244902778871133
Soil-P5S2-c_S146.16S.R1 - illumina_small_rna_3'_adapter	0.0	0.0	0.0	0.0	0.0	0.0	0.0	0.0	0.0	0.0	0.0	0.0	0.0	0.0	0.0	0.0	0.0	0.0	0.0	0.0	0.0	0.0	0.0	0.0	0.0	0.0	0.0	0.0	0.0	0.0	0.0	0.0	0.0	0.0	0.1055449330783939	1.372848948374761	1.372848948374761	1.372848948374761	1.372848948374761	1.372848948374761	1.372848948374761	1.372848948374761	1.372848948374761	1.372848948374761	1.372848948374761	1.372848948374761	1.372848948374761	1.372848948374761	1.372848948374761	1.372848948374761	1.372848948374761	1.3747609942638623
Soil-P6S1-a_S152.16S.R1 - illumina_small_rna_3'_adapter	0.0	0.0	0.0	0.0	0.0	0.0	0.0	0.0	0.0	0.0	0.0	0.0	0.0	0.0	0.0	0.0	0.0	0.0	0.0	0.0	0.0	0.0	0.0	0.0	0.0	0.0	0.0	0.0	0.0	0.0	0.0	0.0	0.0	0.0	0.4356807511737089	3.5981220657276993	3.5981220657276993	3.5981220657276993	3.5981220657276993	3.5981220657276993	3.5981220657276993	3.5981220657276993	3.5981220657276993	3.5981220657276993	3.5981220657276993	3.5981220657276993	3.5981220657276993	3.5981220657276993	3.5981220657276993	3.5981220657276993	3.5981220657276993	3.5999999999999996
Soil-P6S1-b_S158.16S.R1 - illumina_small_rna_3'_adapter	0.0	0.0	0.0	0.0	0.0	0.0	0.0	0.0	0.0	0.0	0.0	0.0	0.0	0.0	0.0	0.0	0.0	0.0	0.0	0.0	0.0	0.0	0.0	0.0	0.0	0.0	0.0	0.0	0.0	0.0	0.0	0.0	0.0	0.0	0.30215337475529835	2.444463358583709	2.4470167673844583	2.4470167673844583	2.4470167673844583	2.4470167673844583	2.4470167673844583	2.4470167673844583	2.4470167673844583	2.4470167673844583	2.4470167673844583	2.4470167673844583	2.4470167673844583	2.4470167673844583	2.4470167673844583	2.4470167673844583	2.4470167673844583	2.449144608051749
Soil-P6S1-c_S163.16S.R1 - illumina_small_rna_3'_adapter	0.0	0.0	0.0	0.0	0.0	0.0	0.0	0.0	0.0	0.0	0.0	0.0	0.0	0.0	0.0	0.0	0.0	0.0	0.0	0.0	0.0	0.0	0.0	0.0	0.0	0.0	0.0	0.0	0.0	0.0	0.0	0.0	0.0	0.0	0.39876731147662714	3.5302417109122635	3.5309842943600787	3.5309842943600787	3.5309842943600787	3.5309842943600787	3.5309842943600787	3.5309842943600787	3.5309842943600787	3.5309842943600787	3.5309842943600787	3.5309842943600787	3.5309842943600787	3.5309842943600787	3.5309842943600787	3.5309842943600787	3.5309842943600787	3.5328407529796158
Soil-P6S2-a_S99.16S.R1 - illumina_small_rna_3'_adapter	0.0	0.0	0.0	0.0	0.0	0.0	0.0	0.0	0.0	0.0	0.0	0.0	0.0	0.0	0.0	0.0	0.0	0.0	0.0	0.0	0.0	0.0023667705415959923	0.003944617569326654	0.003944617569326654	0.003944617569326654	0.003944617569326654	0.003944617569326654	0.003944617569326654	0.003944617569326654	0.003944617569326654	0.003944617569326654	0.003944617569326654	0.003944617569326654	0.003944617569326654	0.5285787542897715	5.171393633387243	5.171393633387243	5.171393633387243	5.171393633387243	5.171393633387243	5.171393633387243	5.171393633387243	5.171393633387243	5.171393633387243	5.171393633387243	5.171393633387243	5.171393633387243	5.171393633387243	5.171393633387243	5.171393633387243	5.171393633387243	5.173365942171907
Soil-P6S2-b_S105.16S.R1 - illumina_small_rna_3'_adapter	0.0	0.0	0.0	0.0	0.0	0.0	0.0	0.0	0.0	0.0	0.0	0.0	0.0	0.0	0.0	0.0	0.0	0.0	0.0	0.0	0.0	0.0	0.0	0.0	0.0	0.0	0.0	0.0	0.0	0.0	0.0	0.0	0.0	0.0	0.42228739002932547	3.757575757575758	3.757575757575758	3.757575757575758	3.757575757575758	3.757575757575758	3.757575757575758	3.757575757575758	3.757575757575758	3.757575757575758	3.757575757575758	3.757575757575758	3.757575757575758	3.757575757575758	3.757575757575758	3.757575757575758	3.757575757575758	3.7595307917888565
Soil-P6S2-c_S111.16S.R1 - illumina_small_rna_3'_adapter	0.0	0.0	0.0	0.0	0.0	0.0	0.0	0.0	0.0	0.0	0.0	0.0	0.0	0.0	0.0	0.0	0.0	0.0	0.0	0.0	0.0	0.0	0.0	0.0	0.0	0.0	0.0	0.0	0.0	0.0	0.0	0.0	0.0	0.0	0.5221306415889038	4.885080425547366	4.887258995679169	4.887258995679169	4.887258995679169	4.887258995679169	4.887258995679169	4.887258995679169	4.887258995679169	4.887258995679169	4.887258995679169	4.887258995679169	4.887258995679169	4.887258995679169	4.887258995679169	4.887258995679169	4.887258995679169	4.889074470789005
Soil-P6S3-a_S117.16S.R1 - illumina_small_rna_3'_adapter	0.0	0.0	0.0	0.0	0.0	0.0	0.0	0.0	0.0	0.0	0.0	0.0	0.0	0.0	0.0	0.0	0.0	0.0	0.0	0.0	0.0	0.0	0.0	0.0	0.0	0.0	0.0	0.0	0.0	0.0	0.0	0.0	0.0	0.0	0.22078177175407582	1.6303280298566096	1.6303280298566096	1.6303280298566096	1.6303280298566096	1.6303280298566096	1.6303280298566096	1.6303280298566096	1.6303280298566096	1.6303280298566096	1.6303280298566096	1.6303280298566096	1.6303280298566096	1.6303280298566096	1.6303280298566096	1.6303280298566096	1.6303280298566096	1.632292280494991
Soil-P6S3-b_S123.16S.R1 - illumina_small_rna_3'_adapter	0.0	0.0	0.0	0.0	0.0	0.0	0.0	0.0	0.0	0.0	0.0	0.0	0.0	0.0	0.0	0.0	0.0	0.0	0.0	0.0	0.0	0.0	0.0	0.0	0.0	0.0	0.0	0.0	0.0	0.0	0.0	0.0	0.0	0.0	0.38478390758812986	3.764190400318662	3.764190400318662	3.764190400318662	3.764190400318662	3.764190400318662	3.764190400318662	3.764190400318662	3.764190400318662	3.764190400318662	3.764190400318662	3.764190400318662	3.764190400318662	3.764190400318662	3.764190400318662	3.764190400318662	3.764190400318662	3.7661820354511053
Soil-P6S3-c_S129.16S.R1 - illumina_small_rna_3'_adapter	0.0	0.0	0.0	0.0	0.0	0.0	0.0	0.0	0.0	0.0	0.0	0.0	0.0	0.0	0.0	0.0	0.0	0.0	0.0	0.0	0.0	0.0	0.0	0.0	0.0	0.0	0.0	0.0	0.0	0.0	0.0	0.0	0.0	0.0	0.23315550286504644	1.7372060857538039	1.7387868010274652	1.7387868010274652	1.7387868010274652	1.7387868010274652	1.7387868010274652	1.7387868010274652	1.7387868010274652	1.7387868010274652	1.7387868010274652	1.7387868010274652	1.7387868010274652	1.7387868010274652	1.7387868010274652	1.7387868010274652	1.7387868010274652	1.7407626951195416
Soil-P7S1-a_S135.16S.R1 - illumina_small_rna_3'_adapter	0.0	0.0	0.0	0.0	0.0	0.0	0.0	0.0	0.0	0.0	0.0	0.0	0.0	0.0	0.0	0.0	0.0	0.0	0.0	0.0	0.0	0.0	0.0	0.0	0.0	0.0	0.0	0.0	0.0	0.0	0.0	0.0	0.0	0.0	0.2411376751854905	2.25130530365485	2.253366309425666	2.253366309425666	2.253366309425666	2.253366309425666	2.253366309425666	2.253366309425666	2.253366309425666	2.253366309425666	2.253366309425666	2.253366309425666	2.253366309425666	2.253366309425666	2.253366309425666	2.253366309425666	2.253366309425666	2.2550838142346796
Soil-P7S1-b_S141.16S.R1 - illumina_small_rna_3'_adapter	0.0	0.0	0.0	0.0	0.0	0.0	0.0	0.0	0.0	0.0	0.0	0.0	0.0	0.0	0.0	0.0	0.0	0.0	0.0	0.0	0.0	0.0	0.0	0.0	0.0	0.0	0.0	0.0	0.0	0.0	0.0	0.0	0.0	0.0	0.19815452651273546	2.5258323765786455	2.5258323765786455	2.5258323765786455	2.5258323765786455	2.5258323765786455	2.5258323765786455	2.5258323765786455	2.5258323765786455	2.5258323765786455	2.5258323765786455	2.5258323765786455	2.5258323765786455	2.5258323765786455	2.5258323765786455	2.5258323765786455	2.5258323765786455	2.527958498107752
Soil-P7S1-c_S147.16S.R1 - illumina_small_rna_3'_adapter	0.0	0.0	0.0	0.0	0.0	0.0	0.0	0.0	0.0	0.0	0.0	0.0	0.0	0.0	0.0	0.0	0.0	0.0	0.0	0.0	0.0	0.0	0.0	0.0	0.0	0.0	0.0	0.0	0.0	0.0	0.0	0.0	0.0	0.0	0.22155370730844098	2.3698460449477965	2.3712617235887454	2.3712617235887454	2.3712617235887454	2.3712617235887454	2.3712617235887454	2.3712617235887454	2.3712617235887454	2.3712617235887454	2.3712617235887454	2.3712617235887454	2.3712617235887454	2.3712617235887454	2.3712617235887454	2.3712617235887454	2.3712617235887454	2.373031321889931
Soil-P7S2-a_S153.16S.R1 - illumina_small_rna_3'_adapter	0.0	0.0	0.0	0.0	0.0	0.0	0.0	0.0	0.0	0.0	0.0	0.0	0.0	0.0	0.0	0.0	0.0	0.0	0.0	0.0	0.0	0.0	0.0	0.0	0.0	0.0	0.0	0.0	0.0	0.0	0.0	0.0	0.0	0.0	0.28816937301924395	2.532100499885647	2.532100499885647	2.532100499885647	2.532100499885647	2.532100499885647	2.532100499885647	2.532100499885647	2.532100499885647	2.532100499885647	2.532100499885647	2.532100499885647	2.532100499885647	2.532100499885647	2.532100499885647	2.532100499885647	2.532100499885647	2.5337341131113797
Soil-P7S2-b_S159.16S.R1 - illumina_small_rna_3'_adapter	0.0	0.0	0.0	0.0	0.0	0.0	0.0	0.0	0.0	0.0	0.0	0.0	0.0	0.0	0.0	0.0	0.0	0.0	0.0	0.0	0.0	0.0	0.0	0.0	0.0	0.0	0.0	0.0	0.0	0.0	0.0	0.0	0.0	0.0	0.26458060288335516	2.2034731323722148	2.2034731323722148	2.2034731323722148	2.2034731323722148	2.2034731323722148	2.2034731323722148	2.2034731323722148	2.2034731323722148	2.2034731323722148	2.2034731323722148	2.2034731323722148	2.2034731323722148	2.2034731323722148	2.2034731323722148	2.2034731323722148	2.2034731323722148	2.205520969855832
Soil-P7S2-c_S164.16S.R1 - illumina_small_rna_3'_adapter	0.0	0.0	0.0	0.0	0.0	0.0	0.0	0.0	0.0	0.0	0.0	0.0	0.0	0.0	0.0	0.0	0.0	0.0	0.0	0.0	0.0	0.0	0.0	0.0	0.0	0.0	0.0	0.0	0.0	0.0	0.0	0.0	0.0	0.0	0.3314202570527847	2.82919731630426	2.82919731630426	2.82919731630426	2.82919731630426	2.82919731630426	2.82919731630426	2.82919731630426	2.82919731630426	2.82919731630426	2.82919731630426	2.82919731630426	2.82919731630426	2.82919731630426	2.82919731630426	2.82919731630426	2.82919731630426	2.8312181715301916
Soil-P7S3-a_S100.16S.R1 - illumina_small_rna_3'_adapter	0.0	0.0	0.0	0.0	0.0	0.0	0.0	0.0	0.0	0.0	0.0	0.0	0.0	0.0	0.0	0.0	0.0	0.0	0.0	0.0	0.0	0.0	0.0	0.0	0.0	0.0	0.0	0.0	0.0	0.0	0.0	0.0	0.0	0.0	0.26909475224584367	2.418600869883338	2.418600869883338	2.418600869883338	2.418600869883338	2.418600869883338	2.418600869883338	2.418600869883338	2.418600869883338	2.418600869883338	2.418600869883338	2.418600869883338	2.418600869883338	2.418600869883338	2.418600869883338	2.418600869883338	2.418600869883338	2.420633307589122
Soil-P7S3-b_S106.16S.R1 - illumina_small_rna_3'_adapter	0.0	0.0	0.0	0.0	0.0	0.0	0.0	0.0	0.0	0.0	0.0	0.0	0.0	0.0	0.0	0.0	0.0	0.0	0.0	0.0	0.0	0.0	0.0	0.0	0.0	0.0	0.0	0.0	0.0	0.0	0.0	0.0	0.0	0.0	0.23882233184558763	2.145485866416099	2.145485866416099	2.145485866416099	2.145485866416099	2.145485866416099	2.145485866416099	2.145485866416099	2.145485866416099	2.145485866416099	2.145485866416099	2.145485866416099	2.145485866416099	2.145485866416099	2.145485866416099	2.145485866416099	2.145485866416099	2.147443426513194
Soil-P7S3-c_S112.16S.R1 - illumina_small_rna_3'_adapter	0.0	0.0	0.0	0.0	0.0	0.0	0.0	0.0	0.0	0.0	0.0	0.0	0.0	0.0	0.0	0.0	0.0	0.0	0.0	0.0	0.0	0.0	0.0	0.0	0.0	0.0	0.0	0.0	0.0	0.0	0.0	0.0	0.0	0.0	0.26853252647503784	2.8139183055975794	2.8139183055975794	2.8139183055975794	2.8139183055975794	2.8139183055975794	2.8139183055975794	2.8139183055975794	2.8139183055975794	2.8139183055975794	2.8139183055975794	2.8139183055975794	2.8139183055975794	2.8139183055975794	2.8139183055975794	2.8139183055975794	2.8139183055975794	2.8158093797276855
Soil-P7S4-a_S118.16S.R1 - illumina_small_rna_3'_adapter	0.0	0.0	0.0	0.0	0.0	0.0	0.0	0.0	0.0	0.0	0.0	0.0	0.0	0.0	0.0	0.0	0.0	0.0	0.0	0.0	0.0	0.0	0.0	0.0	0.0	0.0	0.0	0.0	0.0	0.0	0.0	0.0	0.0	0.0	0.1755856179416577	1.5523364858932918	1.5523364858932918	1.5523364858932918	1.5523364858932918	1.5523364858932918	1.5523364858932918	1.5523364858932918	1.5523364858932918	1.5523364858932918	1.5523364858932918	1.5523364858932918	1.5523364858932918	1.5523364858932918	1.5523364858932918	1.5523364858932918	1.5523364858932918	1.554331777006265
Soil-P7S4-b_S124.16S.R1 - illumina_small_rna_3'_adapter	0.0	0.0	0.0	0.0	0.0	0.0	0.0	0.0	0.0	0.0	0.0	0.0	0.0	0.0	0.0	0.0	0.0	0.0	0.0	0.0	0.0	0.0	0.0	0.0	0.0	0.0	0.0	0.0	0.0	0.0	0.0	0.0	0.0	0.0	0.2654503990877993	2.2111744583808433	2.2120866590649944	2.2120866590649944	2.2120866590649944	2.2120866590649944	2.2120866590649944	2.2120866590649944	2.2120866590649944	2.2120866590649944	2.2120866590649944	2.2120866590649944	2.2120866590649944	2.2120866590649944	2.2120866590649944	2.2120866590649944	2.2120866590649944	2.2143671607753705
Soil-P7S4-c_S130.16S.R1 - illumina_small_rna_3'_adapter	0.0	0.0	0.0	0.0	0.0	0.0	0.0	0.0	0.0	0.0	0.0	0.0	0.0	0.0	0.0	0.0	0.0	0.0	0.0	0.0	0.0	0.0	0.0	0.0	0.0	0.0	0.0	0.0	0.0	0.0	0.0	0.0	0.0	0.0	0.2591673559415495	2.3802959286830254	2.3802959286830254	2.3802959286830254	2.3802959286830254	2.3802959286830254	2.3802959286830254	2.3802959286830254	2.3802959286830254	2.3802959286830254	2.3802959286830254	2.3802959286830254	2.3802959286830254	2.3802959286830254	2.3802959286830254	2.3802959286830254	2.3802959286830254	2.3825935116257697
