Sample	FastQC_mqc-generalstats-fastqc-percent_duplicates	FastQC_mqc-generalstats-fastqc-percent_gc	FastQC_mqc-generalstats-fastqc-avg_sequence_length	FastQC_mqc-generalstats-fastqc-percent_fails	FastQC_mqc-generalstats-fastqc-total_sequences
Germ-Control-a_S190.16S.R1	87.07731305449937	54.0	231.99994930291507	45.45454545454545	19725.0
Germ-Control-a_S190.16S.R2	81.66286438529784	54.0	230.99832699619773	45.45454545454545	19725.0
Germ-Control-b_S197.16S.R1	87.03885079986941	53.0	231.99994558711504	45.45454545454545	18378.0
Germ-Control-b_S197.16S.R2	81.43976493633693	53.0	231.00010882576996	45.45454545454545	18378.0
Germ-Control-c_S204.16S.R1	88.5210612054922	53.0	232.0	45.45454545454545	17188.0
Germ-Control-c_S204.16S.R2	83.38375610891319	54.0	231.00023272050268	45.45454545454545	17188.0
Germ-Mock-a_S171.16S.R1	91.46870854937899	55.0	231.99993970818764	45.45454545454545	16586.0
Germ-Mock-a_S171.16S.R2	88.1586880501628	55.0	231.0002411672495	36.36363636363637	16586.0
Germ-P2S2-ACN-a_S165.16S.R1	87.37545771949246	52.0	232.0	45.45454545454545	23486.0
Germ-P2S2-ACN-a_S165.16S.R2	81.5123903602146	53.0	231.00012773567232	45.45454545454545	23486.0
Germ-P2S2-ACN-b_S166.16S.R1	86.91121128158471	52.0	231.99991729043464	45.45454545454545	24181.0
Germ-P2S2-ACN-b_S166.16S.R2	81.73772796823953	53.0	231.00028948347875	45.45454545454545	24181.0
Germ-P2S2-ACN-c_S167.16S.R1	86.6303317535545	52.0	231.99995260663508	45.45454545454545	21100.0
Germ-P2S2-ACN-c_S167.16S.R2	80.96682464454976	53.0	231.0003317535545	45.45454545454545	21100.0
Germ-P2S2-Chanvre-a_S217.16S.R1	84.746687838039	52.0	231.9999503795961	36.36363636363637	20153.0
Germ-P2S2-Chanvre-a_S217.16S.R2	77.26393092839776	52.0	231.00019848161563	45.45454545454545	20153.0
Germ-P2S2-Chanvre-b_S218.16S.R1	84.95481127060074	52.0	232.0	45.45454545454545	20691.0
Germ-P2S2-Chanvre-b_S218.16S.R2	77.89860325745494	53.0	231.0002899811512	36.36363636363637	20691.0
Germ-P2S2-Chanvre-c_S219.16S.R1	86.06096772589387	52.0	232.0	45.45454545454545	20109.0
Germ-P2S2-Chanvre-c_S219.16S.R2	79.68073996717888	53.0	231.00044756079367	45.45454545454545	20109.0
Germ-P2S2-Colza-a_S191.16S.R1	85.97998489425981	52.0	231.99995279456192	45.45454545454545	21184.0
Germ-P2S2-Colza-a_S191.16S.R2	79.99905589123867	53.0	230.99995279456192	45.45454545454545	21184.0
Germ-P2S2-Colza-b_S192.16S.R1	85.96916928347132	52.0	231.99985726520126	45.45454545454545	21018.0
Germ-P2S2-Colza-b_S192.16S.R2	79.07507850413931	52.0	231.000190313065	36.36363636363637	21018.0
Germ-P2S2-Colza-c_S193.16S.R1	85.37301137826289	52.0	231.99989702929517	36.36363636363637	19423.0
Germ-P2S2-Colza-c_S193.16S.R2	78.8240745507903	52.0	231.00005148535243	36.36363636363637	19423.0
Germ-P2S2-Colza-myro-a_S194.16S.R1	86.06110732704096	52.0	231.99985404300867	45.45454545454545	20554.0
Germ-P2S2-Colza-myro-a_S194.16S.R2	80.09146638123966	53.0	231.0000973046609	45.45454545454545	20554.0
Germ-P2S2-Colza-myro-b_S195.16S.R1	85.15741384447314	52.0	231.99985102790743	36.36363636363637	20138.0
Germ-P2S2-Colza-myro-b_S195.16S.R2	77.55983712384547	53.0	230.9999503426358	36.36363636363637	20138.0
Germ-P2S2-Colza-myro-c_S196.16S.R1	84.53227571115974	52.0	231.99995441283735	45.45454545454545	21936.0
Germ-P2S2-Colza-myro-c_S196.16S.R2	77.76714077315827	53.0	231.0004102844639	45.45454545454545	21936.0
Germ-P2S2-GR24-a_S168.16S.R1	84.88016048991659	52.0	231.99994720726428	45.45454545454545	18942.0
Germ-P2S2-GR24-a_S168.16S.R2	78.3127441664027	53.0	231.00005279273572	45.45454545454545	18942.0
Germ-P2S2-GR24-b_S169.16S.R1	83.36305465226057	52.0	232.0	45.45454545454545	19066.0
Germ-P2S2-GR24-b_S169.16S.R2	75.92048673030526	53.0	231.0002622469317	45.45454545454545	19066.0
Germ-P2S2-GR24-c_S170.16S.R1	86.85397335545073	52.0	231.9999481623555	45.45454545454545	19291.0
Germ-P2S2-GR24-c_S170.16S.R2	81.97086724379244	53.0	231.00031102586698	45.45454545454545	19291.0
Germ-P2S2-Tabac-a_S220.16S.R1	84.58652112470152	52.0	232.0	45.45454545454545	20521.0
Germ-P2S2-Tabac-a_S220.16S.R2	77.76911456556698	53.0	230.99990253886264	45.45454545454545	20521.0
Germ-P2S2-Tabac-b_S221.16S.R1	85.63058194436543	52.0	231.99994311394278	45.45454545454545	17579.0
Germ-P2S2-Tabac-b_S221.16S.R2	77.88270094999716	53.0	231.00034131634337	36.36363636363637	17579.0
Germ-P2S2-Tabac-c_S222.16S.R1	85.18259479442474	52.0	232.0	45.45454545454545	20017.0
Germ-P2S2-Tabac-c_S222.16S.R2	78.12859069790679	53.0	231.00034970275266	45.45454545454545	20017.0
Germ-P3S2-ACN-a_S172.16S.R1	87.56646038525233	52.0	231.99899764664866	36.36363636363637	22946.0
Germ-P3S2-ACN-a_S172.16S.R2	81.50875969667916	53.0	231.00043580580493	36.36363636363637	22946.0
Germ-P3S2-ACN-b_S173.16S.R1	86.8139945119561	52.0	232.0	36.36363636363637	20408.0
Germ-P3S2-ACN-b_S173.16S.R2	80.52724421795375	53.0	231.000147001176	36.36363636363637	20408.0
Germ-P3S2-ACN-c_S174.16S.R1	88.04277730008599	52.0	231.99978503869303	45.45454545454545	18608.0
Germ-P3S2-ACN-c_S174.16S.R2	82.60963026655202	53.0	230.99994625967327	36.36363636363637	18608.0
Germ-P3S2-Chanvre-a_S223.16S.R1	89.36871859296483	53.0	232.0	45.45454545454545	25472.0
Germ-P3S2-Chanvre-a_S223.16S.R2	85.58024497487438	54.0	231.00003925879398	45.45454545454545	25472.0
Germ-P3S2-Chanvre-b_S224.16S.R1	86.9526121751641	52.0	231.99991008002877	45.45454545454545	22242.0
Germ-P3S2-Chanvre-b_S224.16S.R2	83.31085334052693	53.0	231.00013487995685	45.45454545454545	22242.0
Germ-P3S2-Chanvre-c_S225.16S.R1	88.2768833898629	53.0	232.0	45.45454545454545	20933.0
Germ-P3S2-Chanvre-c_S225.16S.R2	83.7959203172025	53.0	231.00047771461328	45.45454545454545	20933.0
Germ-P3S2-Colza-a_S198.16S.R1	86.81543468154346	52.0	232.0	45.45454545454545	21510.0
Germ-P3S2-Colza-a_S198.16S.R2	80.72989307298931	52.0	231.0004649000465	45.45454545454545	21510.0
Germ-P3S2-Colza-b_S199.16S.R1	86.07857603984138	52.0	231.99995388730056	36.36363636363637	21686.0
Germ-P3S2-Colza-b_S199.16S.R2	80.3098773402195	52.0	231.00027667619662	36.36363636363637	21686.0
Germ-P3S2-Colza-c_S200.16S.R1	85.91481356422749	52.0	231.99995176306015	36.36363636363637	20731.0
Germ-P3S2-Colza-c_S200.16S.R2	78.40432202981043	52.0	231.00024118469923	36.36363636363637	20731.0
Germ-P3S2-Colza-myro-a_S201.16S.R1	86.79467084639498	52.0	231.99975509404388	36.36363636363637	20416.0
Germ-P3S2-Colza-myro-a_S201.16S.R2	80.25568181818181	53.0	231.00014694357367	36.36363636363637	20416.0
Germ-P3S2-Colza-myro-b_S202.16S.R1	86.50581335528346	52.0	232.0	45.45454545454545	19438.0
Germ-P3S2-Colza-myro-b_S202.16S.R2	78.1201769729396	53.0	231.0	36.36363636363637	19438.0
Germ-P3S2-Colza-myro-c_S203.16S.R1	85.88308136835045	52.0	231.99989680615036	36.36363636363637	19381.0
Germ-P3S2-Colza-myro-c_S203.16S.R2	79.81528300913266	53.0	231.00005159692483	36.36363636363637	19381.0
Germ-P3S2-GR24-a_S175.16S.R1	87.363304981774	52.0	232.0	36.36363636363637	18929.0
Germ-P3S2-GR24-a_S175.16S.R2	81.82682656241745	52.0	231.0	36.36363636363637	18929.0
Germ-P3S2-GR24-b_S176.16S.R1	86.17056487202119	52.0	231.99994483671668	36.36363636363637	18128.0
Germ-P3S2-GR24-b_S176.16S.R2	78.96072374227714	53.0	230.99983451015004	36.36363636363637	18128.0
Germ-P3S2-GR24-c_S177.16S.R1	87.37736739940192	53.0	232.0	36.36363636363637	19061.0
Germ-P3S2-GR24-c_S177.16S.R2	83.15408425581029	53.0	231.0002623157232	36.36363636363637	19061.0
Germ-P3S2-Tabac-a_S226.16S.R1	84.27347020131553	52.0	231.99995016942395	45.45454545454545	20068.0
Germ-P3S2-Tabac-a_S226.16S.R2	78.26390273071557	53.0	231.0000996611521	45.45454545454545	20068.0
Germ-P3S2-Tabac-b_S227.16S.R1	86.53917910447761	52.0	232.0	36.36363636363637	21440.0
Germ-P3S2-Tabac-b_S227.16S.R2	78.60541044776119	53.0	231.00013992537313	36.36363636363637	21440.0
Germ-P3S2-Tabac-c_S228.16S.R1	85.88806638691122	52.0	231.9999528502051	36.36363636363637	21209.0
Germ-P3S2-Tabac-c_S228.16S.R2	79.27766514215664	53.0	231.0000942995898	36.36363636363637	21209.0
Germ-P4S1-ACN-a_S178.16S.R1	85.92629648157413	52.0	231.99987493746875	45.45454545454545	23988.0
Germ-P4S1-ACN-a_S178.16S.R2	79.18125729531432	53.0	230.9986659996665	45.45454545454545	23988.0
Germ-P4S1-ACN-b_S179.16S.R1	85.99341834635952	52.0	231.99995886466473	45.45454545454545	24310.0
Germ-P4S1-ACN-b_S179.16S.R2	79.18552036199095	53.0	231.00028794734678	45.45454545454545	24310.0
Germ-P4S1-ACN-c_S180.16S.R1	85.18924128263536	52.0	231.99986858244262	45.45454545454545	22828.0
Germ-P4S1-ACN-c_S180.16S.R2	77.84738041002278	53.0	231.0	45.45454545454545	22828.0
Germ-P4S1-Chanvre-a_S229.16S.R1	87.07102328311485	54.0	231.99996086871454	45.45454545454545	25555.0
Germ-P4S1-Chanvre-a_S229.16S.R2	80.903932694189	54.0	231.00003913128546	45.45454545454545	25555.0
Germ-P4S1-Chanvre-b_S230.16S.R1	86.40984982744148	53.0	231.99981345023784	36.36363636363637	21442.0
Germ-P4S1-Chanvre-b_S230.16S.R2	79.63342971737711	54.0	231.00004663744053	36.36363636363637	21442.0
Germ-P4S1-Chanvre-c_S231.16S.R1	87.57019001841786	54.0	231.9999550783882	45.45454545454545	22261.0
Germ-P4S1-Chanvre-c_S231.16S.R2	81.8292080319842	54.0	231.00017968644715	45.45454545454545	22261.0
Germ-P4S1-Colza-a_S205.16S.R1	85.84433535103189	53.0	231.99995233782946	36.36363636363637	20981.0
Germ-P4S1-Colza-a_S205.16S.R2	78.39950431342643	53.0	230.9998570134884	36.36363636363637	20981.0
Germ-P4S1-Colza-b_S206.16S.R1	88.5701805474665	54.0	231.9999514657348	45.45454545454545	20604.0
Germ-P4S1-Colza-b_S206.16S.R2	83.44010871675403	54.0	231.0	45.45454545454545	20604.0
Germ-P4S1-Colza-c_S207.16S.R1	84.21335338668959	52.0	232.0	45.45454545454545	18617.0
Germ-P4S1-Colza-c_S207.16S.R2	76.84374496427996	52.0	231.00037600042972	45.45454545454545	18617.0
Germ-P4S1-Colza-myro-a_S208.16S.R1	85.66287976147638	53.0	231.99984578214156	36.36363636363637	19453.0
Germ-P4S1-Colza-myro-a_S208.16S.R2	79.29368220839973	54.0	230.99979437618876	36.36363636363637	19453.0
Germ-P4S1-Colza-myro-b_S209.16S.R1	86.26166264807631	53.0	232.0	45.45454545454545	19078.0
Germ-P4S1-Colza-myro-b_S209.16S.R2	79.47373938567983	53.0	231.00026208197923	45.45454545454545	19078.0
Germ-P4S1-Colza-myro-c_S210.16S.R1	86.49147520279789	53.0	232.0	45.45454545454545	20587.0
Germ-P4S1-Colza-myro-c_S210.16S.R2	80.71598581629183	54.0	231.00019429737213	36.36363636363637	20587.0
Germ-P4S1-GR24-a_S181.16S.R1	85.3012366324869	53.0	231.99995599172644	36.36363636363637	22723.0
Germ-P4S1-GR24-a_S181.16S.R2	77.8330326101307	54.0	231.00044008273557	36.36363636363637	22723.0
Germ-P4S1-GR24-b_S182.16S.R1	86.16808084253614	53.0	231.99987208459473	45.45454545454545	23453.0
Germ-P4S1-GR24-b_S182.16S.R2	78.29275572421439	53.0	231.00008527693686	45.45454545454545	23453.0
Germ-P4S1-GR24-c_S183.16S.R1	87.79666868041771	54.0	231.99995684819194	45.45454545454545	23174.0
Germ-P4S1-GR24-c_S183.16S.R2	82.98092690083715	54.0	231.00012945542417	36.36363636363637	23174.0
Germ-P4S1-Tabac-a_S232.16S.R1	86.60284931014337	53.0	232.0	45.45454545454545	22251.0
Germ-P4S1-Tabac-a_S232.16S.R2	80.07729989663386	53.0	231.00013482540112	36.36363636363637	22251.0
Germ-P4S1-Tabac-b_S233.16S.R1	85.83173610410572	53.0	231.9999495611823	45.45454545454545	19826.0
Germ-P4S1-Tabac-b_S233.16S.R2	77.85231514173307	53.0	231.00020175527087	36.36363636363637	19826.0
Germ-P4S1-Tabac-c_S234.16S.R1	86.06690622861053	53.0	232.0	36.36363636363637	23376.0
Germ-P4S1-Tabac-c_S234.16S.R2	79.10249828884326	53.0	231.0001711156742	36.36363636363637	23376.0
Germ-P6S1-ACN-a_S184.16S.R1	88.67941588679416	53.0	231.9999095799991	36.36363636363637	22119.0
Germ-P6S1-ACN-a_S184.16S.R2	84.39802884398028	54.0	231.00022605000225	36.36363636363637	22119.0
Germ-P6S1-ACN-b_S185.16S.R1	89.21926220047094	52.0	231.9999076596334	45.45454545454545	21659.0
Germ-P6S1-ACN-b_S185.16S.R2	85.58105175677548	53.0	230.9999076596334	45.45454545454545	21659.0
Germ-P6S1-ACN-c_S186.16S.R1	88.60786856895807	52.0	231.99994595763079	45.45454545454545	18504.0
Germ-P6S1-ACN-c_S186.16S.R2	84.21422395157803	53.0	231.00010808473843	45.45454545454545	18504.0
Germ-P6S1-Chanvre-a_S235.16S.R1	86.55858717996637	52.0	231.99985983928238	45.45454545454545	21404.0
Germ-P6S1-Chanvre-a_S235.16S.R2	80.2279947673332	53.0	231.00042048215286	45.45454545454545	21404.0
Germ-P6S1-Chanvre-b_S236.16S.R1	88.75638072006143	53.0	231.99995482676061	45.45454545454545	22137.0
Germ-P6S1-Chanvre-b_S236.16S.R2	83.40786917829878	54.0	230.99995482676061	45.45454545454545	22137.0
Germ-P6S1-Chanvre-c_S237.16S.R1	89.26899063475547	53.0	231.99813562261534	45.45454545454545	23064.0
Germ-P6S1-Chanvre-c_S237.16S.R2	84.33489420742282	54.0	231.00021678806797	45.45454545454545	23064.0
Germ-P6S1-Colza-a_S211.16S.R1	87.56550009562058	52.0	231.99996175176898	45.45454545454545	26145.0
Germ-P6S1-Colza-a_S211.16S.R2	82.12660164467394	53.0	231.00007649646204	45.45454545454545	26145.0
Germ-P6S1-Colza-b_S212.16S.R1	86.51572327044025	52.0	232.0	36.36363636363637	23850.0
Germ-P6S1-Colza-b_S212.16S.R2	80.61215932914047	52.0	231.00012578616352	36.36363636363637	23850.0
Germ-P6S1-Colza-c_S213.16S.R1	87.52217622708457	52.0	231.99990902060682	45.45454545454545	21983.0
Germ-P6S1-Colza-c_S213.16S.R2	81.70859300368467	53.0	231.00013646908974	36.36363636363637	21983.0
Germ-P6S1-Colza-myro-a_S214.16S.R1	86.61111686160852	52.0	231.9998447365697	36.36363636363637	19322.0
Germ-P6S1-Colza-myro-a_S214.16S.R2	79.57768346962013	53.0	231.00010350895352	36.36363636363637	19322.0
Germ-P6S1-Colza-myro-b_S215.16S.R1	86.48108493932905	52.0	231.9999524149417	45.45454545454545	21015.0
Germ-P6S1-Colza-myro-b_S215.16S.R2	79.72400666190816	53.0	231.00033309540805	45.45454545454545	21015.0
Germ-P6S1-Colza-myro-c_S216.16S.R1	85.78486413653717	52.0	231.99991017291714	45.45454545454545	22265.0
Germ-P6S1-Colza-myro-c_S216.16S.R2	79.50595104423984	53.0	231.00004491354144	36.36363636363637	22265.0
Germ-P6S1-GR24-a_S187.16S.R1	86.443705651764	53.0	231.9999503795961	45.45454545454545	20153.0
Germ-P6S1-GR24-a_S187.16S.R2	80.62819431350171	53.0	231.0004962040391	45.45454545454545	20153.0
Germ-P6S1-GR24-b_S188.16S.R1	86.10510046367851	53.0	231.9998454404946	45.45454545454545	19410.0
Germ-P6S1-GR24-b_S188.16S.R2	79.66512107161257	53.0	231.0001545595054	45.45454545454545	19410.0
Germ-P6S1-GR24-c_S189.16S.R1	88.46414602346806	53.0	232.0	45.45454545454545	19175.0
Germ-P6S1-GR24-c_S189.16S.R2	84.34941329856584	54.0	231.0001564537158	45.45454545454545	19175.0
Germ-P6S1-Tabac-a_S238.16S.R1	86.64120480881905	52.0	232.0	45.45454545454545	23041.0
Germ-P6S1-Tabac-a_S238.16S.R2	80.53035892539387	52.0	231.0	36.36363636363637	23041.0
Germ-P6S1-Tabac-b_S239.16S.R1	84.37630720321258	51.0	231.99991633899438	45.45454545454545	23906.0
Germ-P6S1-Tabac-b_S239.16S.R2	76.0394879946457	52.0	231.0001254915084	45.45454545454545	23906.0
Germ-P6S1-Tabac-c_S240.16S.R1	86.80781758957654	51.0	231.99991196408135	45.45454545454545	22718.0
Germ-P6S1-Tabac-c_S240.16S.R2	80.42961528303547	52.0	231.00008803591865	45.45454545454545	22718.0
Seed-Control-a_S80.16S.R1	87.92292414369838	52.0	232.0	45.45454545454545	28699.0
Seed-Control-a_S80.16S.R2	83.68584271228963	52.0	231.000209066518	45.45454545454545	28699.0
Seed-H2O-a_S8.16S.R1	87.65530223802551	52.0	231.99995816774734	45.45454545454545	23905.0
Seed-H2O-a_S8.16S.R2	78.97510980966325	53.0	231.000125496758	45.45454545454545	23905.0
Seed-H2O-b_S16.16S.R1	85.29860228716646	53.0	232.0	45.45454545454545	23610.0
Seed-H2O-b_S16.16S.R2	80.55484963998306	53.0	231.00012706480305	36.36363636363637	23610.0
Seed-H2O-c_S24.16S.R1	85.15782660015992	53.0	231.99996192361877	45.45454545454545	26263.0
Seed-H2O-c_S24.16S.R2	79.65959715188669	53.0	231.0001523055249	45.45454545454545	26263.0
Seed-Mock-a_S79.16S.R1	91.57714285714286	54.0	231.99994285714286	45.45454545454545	17500.0
Seed-Mock-a_S79.16S.R2	88.41142857142857	55.0	231.00028571428572	36.36363636363637	17500.0
Seed-P1S1-a_S1.16S.R1	86.81064978588716	52.0	231.99929249674176	36.36363636363637	26855.0
Seed-P1S1-a_S1.16S.R2	76.83485384472165	52.0	230.9999627629864	45.45454545454545	26855.0
Seed-P1S1-b_S9.16S.R1	85.85097242833712	52.0	231.99996094665312	36.36363636363637	25606.0
Seed-P1S1-b_S9.16S.R2	79.53995157384988	52.0	231.00003905334688	45.45454545454545	25606.0
Seed-P1S1-c_S17.16S.R1	85.31369780108938	52.0	231.99995965301594	36.36363636363637	24785.0
Seed-P1S1-c_S17.16S.R2	79.09622755699012	53.0	231.0002420819044	45.45454545454545	24785.0
Seed-P1S2-a_S25.16S.R1	86.60902186842347	52.0	231.99986275048036	36.36363636363637	21858.0
Seed-P1S2-a_S25.16S.R2	81.24714063500778	53.0	231.0004117485589	45.45454545454545	21858.0
Seed-P1S2-b_S33.16S.R1	85.51642467305118	52.0	231.9998970239934	36.36363636363637	19422.0
Seed-P1S2-b_S33.16S.R2	80.01750592112037	53.0	231.00020595201318	45.45454545454545	19422.0
Seed-P1S2-c_S41.16S.R1	85.31910484873602	52.0	232.0	36.36363636363637	19304.0
Seed-P1S2-c_S41.16S.R2	79.39805221715707	53.0	231.00010360547037	45.45454545454545	19304.0
Seed-P1S3-a_S49.16S.R1	85.11464670098269	52.0	231.99995320542817	45.45454545454545	21370.0
Seed-P1S3-a_S49.16S.R2	77.82873186710341	52.0	231.00004679457183	45.45454545454545	21370.0
Seed-P1S3-b_S57.16S.R1	86.0406561261895	52.0	231.99992594512534	45.45454545454545	27007.0
Seed-P1S3-b_S57.16S.R2	78.93138815862554	52.0	231.00022216462398	45.45454545454545	27007.0
Seed-P1S3-c_S65.16S.R1	84.76112026359144	52.0	230.9886509244005	45.45454545454545	21852.0
Seed-P1S3-c_S65.16S.R2	77.38422112392459	52.0	231.00018304960645	45.45454545454545	21852.0
Seed-P1S4-a_S73.16S.R1	86.6383080225809	52.0	231.99992048978294	45.45454545454545	25154.0
Seed-P1S4-a_S73.16S.R2	80.43253558082213	53.0	231.00007951021706	45.45454545454545	25154.0
Seed-P1S4-b_S81.16S.R1	86.34066764811205	52.0	231.9998806350217	45.45454545454545	25133.0
Seed-P1S4-b_S81.16S.R2	79.8312974973143	52.0	231.0000795766522	45.45454545454545	25133.0
Seed-P1S4-c_S88.16S.R1	86.74651353568498	52.0	231.99990155865464	45.45454545454545	30475.0
Seed-P1S4-c_S88.16S.R2	79.4585726004922	52.0	231.00042657916325	45.45454545454545	30475.0
Seed-P2S1-a_S2.16S.R1	88.08600337268128	51.0	231.99987352445194	45.45454545454545	23720.0
Seed-P2S1-a_S2.16S.R2	78.67200674536257	52.0	231.00016863406407	36.36363636363637	23720.0
Seed-P2S1-b_S10.16S.R1	86.90955213435969	51.0	232.0	45.45454545454545	22864.0
Seed-P2S1-b_S10.16S.R2	81.51679496151155	52.0	231.00026242127362	45.45454545454545	22864.0
Seed-P2S1-c_S18.16S.R1	85.39976133651551	52.0	231.99988066825776	45.45454545454545	16760.0
Seed-P2S1-c_S18.16S.R2	80.01789976133651	52.0	231.00035799522672	36.36363636363637	16760.0
Seed-P2S2-a_S26.16S.R1	88.76706198254644	53.0	231.99988811814723	45.45454545454545	17876.0
Seed-P2S2-a_S26.16S.R2	84.09599462967107	54.0	231.00011188185277	45.45454545454545	17876.0
Seed-P2S2-b_S34.16S.R1	87.50642145278948	52.0	231.9999486283777	45.45454545454545	19466.0
Seed-P2S2-b_S34.16S.R2	82.04561800061646	52.0	231.0003082297339	45.45454545454545	19466.0
Seed-P2S2-c_S42.16S.R1	87.46911565894364	52.0	231.9999533821267	45.45454545454545	21451.0
Seed-P2S2-c_S42.16S.R2	81.87963265115846	52.0	231.00013985361988	45.45454545454545	21451.0
Seed-P2S3-a_S50.16S.R1	86.76744964837583	51.0	232.0	45.45454545454545	20903.0
Seed-P2S3-a_S50.16S.R2	81.15103095249486	52.0	231.0002392001148	45.45454545454545	20903.0
Seed-P2S3-b_S58.16S.R1	87.32907930720145	51.0	232.0	45.45454545454545	25231.0
Seed-P2S3-b_S58.16S.R2	82.24010146248662	52.0	231.00015853513534	45.45454545454545	25231.0
Seed-P2S3-c_S66.16S.R1	86.65298657269037	51.0	232.0	45.45454545454545	22417.0
Seed-P2S3-c_S66.16S.R2	81.38912432528885	52.0	231.00031226301468	45.45454545454545	22417.0
Seed-P2S4-a_S74.16S.R1	86.7810376263882	51.0	231.99995856124647	45.45454545454545	24132.0
Seed-P2S4-a_S74.16S.R2	81.63434443891927	52.0	231.00012431626055	45.45454545454545	24132.0
Seed-P2S4-b_S82.16S.R1	86.53890450085225	51.0	231.99995393191136	45.45454545454545	21707.0
Seed-P2S4-b_S82.16S.R2	80.86792278988345	52.0	231.0001382042659	45.45454545454545	21707.0
Seed-P2S4-c_S89.16S.R1	87.45000377330012	51.0	232.0	45.45454545454545	26502.0
Seed-P2S4-c_S89.16S.R2	81.63157497547355	52.0	231.00037733001284	45.45454545454545	26502.0
Seed-P3S1-a_S3.16S.R1	88.15759816075374	52.0	232.0	45.45454545454545	22183.0
Seed-P3S1-a_S3.16S.R2	79.01546229094352	53.0	231.00022539782717	45.45454545454545	22183.0
Seed-P3S1-b_S11.16S.R1	87.15808770321772	52.0	232.0	45.45454545454545	20729.0
Seed-P3S1-b_S11.16S.R2	82.32427999421101	53.0	231.0000964831878	45.45454545454545	20729.0
Seed-P3S1-c_S19.16S.R1	87.16297347451152	53.0	231.9999454208056	45.45454545454545	18322.0
Seed-P3S1-c_S19.16S.R2	81.68322235563804	53.0	231.00016373758322	45.45454545454545	18322.0
Seed-P3S2-a_S27.16S.R1	87.11202715809894	52.0	231.9997575169738	45.45454545454545	16496.0
Seed-P3S2-a_S27.16S.R2	82.00775945683802	53.0	231.00012124151309	45.45454545454545	16496.0
Seed-P3S2-b_S35.16S.R1	87.46934485577485	52.0	232.0	45.45454545454545	17126.0
Seed-P3S2-b_S35.16S.R2	81.19233913348125	53.0	231.00029195375453	45.45454545454545	17126.0
Seed-P3S2-c_S43.16S.R1	87.6657893378748	52.0	232.0	45.45454545454545	19377.0
Seed-P3S2-c_S43.16S.R2	81.91154461474945	53.0	231.00025803787997	45.45454545454545	19377.0
Seed-P3S3-a_S51.16S.R1	87.14394516374715	52.0	232.0	45.45454545454545	19695.0
Seed-P3S3-a_S51.16S.R2	82.65549631886266	53.0	231.000253871541	45.45454545454545	19695.0
Seed-P3S3-b_S59.16S.R1	87.5565706551622	52.0	230.99560123503787	45.45454545454545	23643.0
Seed-P3S3-b_S59.16S.R2	82.32457809922599	53.0	231.00025377490167	45.45454545454545	23643.0
Seed-P3S3-c_S67.16S.R1	87.0946852305842	52.0	232.0	45.45454545454545	21619.0
Seed-P3S3-c_S67.16S.R2	81.43762431194781	53.0	231.00013876682547	45.45454545454545	21619.0
Seed-P3S4-a_S75.16S.R1	87.84458335207087	53.0	231.99995502990512	45.45454545454545	22237.0
Seed-P3S4-a_S75.16S.R2	83.06426226559338	53.0	231.00017988037953	45.45454545454545	22237.0
Seed-P3S4-b_S83.16S.R1	87.74303420218553	53.0	232.0	45.45454545454545	21139.0
Seed-P3S4-b_S83.16S.R2	82.03320876105776	53.0	231.00033114149204	45.45454545454545	21139.0
Seed-P3S4-c_S90.16S.R1	88.32007145177005	53.0	231.9999594024034	45.45454545454545	24632.0
Seed-P3S4-c_S90.16S.R2	82.72572263721987	53.0	231.00048717115948	45.45454545454545	24632.0
Seed-P3S5-a_S4.16S.R1	88.6012779254699	52.0	231.99990672076862	45.45454545454545	21441.0
Seed-P3S5-a_S4.16S.R2	79.94962921505527	53.0	231.00013991884708	45.45454545454545	21441.0
Seed-P3S5-b_S12.16S.R1	89.30455210318692	53.0	231.99995567572358	45.45454545454545	22561.0
Seed-P3S5-b_S12.16S.R2	84.33580071805328	53.0	231.00013297282922	45.45454545454545	22561.0
Seed-P3S5-c_S20.16S.R1	88.68672978262019	53.0	232.0	45.45454545454545	18907.0
Seed-P3S5-c_S20.16S.R2	83.91072089702226	53.0	231.0002115618554	45.45454545454545	18907.0
Seed-P4S1-a_S28.16S.R1	87.79228823620502	52.0	231.99989676353687	45.45454545454545	19373.0
Seed-P4S1-a_S28.16S.R2	82.08847364889279	52.0	231.00015485469467	45.45454545454545	19373.0
Seed-P4S1-b_S36.16S.R1	87.31764022086602	53.0	232.0	45.45454545454545	17205.0
Seed-P4S1-b_S36.16S.R2	81.69718105201976	54.0	231.00005812263876	45.45454545454545	17205.0
Seed-P4S1-c_S44.16S.R1	87.89653742483931	53.0	231.99989633008502	45.45454545454545	19292.0
Seed-P4S1-c_S44.16S.R2	81.84739788513373	54.0	231.00015550487248	45.45454545454545	19292.0
Seed-P4S2-a_S52.16S.R1	87.56152339083481	52.0	231.99995221484207	45.45454545454545	20927.0
Seed-P4S2-a_S52.16S.R2	82.05667319730492	53.0	231.0001433554738	45.45454545454545	20927.0
Seed-P4S2-b_S60.16S.R1	88.52025950817762	52.0	232.0	45.45454545454545	25741.0
Seed-P4S2-b_S60.16S.R2	82.7357134532458	53.0	231.00034963676626	45.45454545454545	25741.0
Seed-P4S2-c_S68.16S.R1	88.47611827141775	52.0	232.0	45.45454545454545	27699.0
Seed-P4S2-c_S68.16S.R2	82.74305931622081	53.0	231.00018051193183	45.45454545454545	27699.0
Seed-P4S3-a_S76.16S.R1	86.7786484263388	53.0	231.9999567080826	45.45454545454545	23099.0
Seed-P4S3-a_S76.16S.R2	80.68314645655656	53.0	231.000216459587	45.45454545454545	23099.0
Seed-P4S3-b_S84.16S.R1	86.26274745050989	53.0	231.999950009998	45.45454545454545	20004.0
Seed-P4S3-b_S84.16S.R2	79.43411317736452	53.0	230.999950009998	45.45454545454545	20004.0
Seed-P4S3-c_S91.16S.R1	86.89997265945397	53.0	232.0	45.45454545454545	25603.0
Seed-P4S3-c_S91.16S.R2	80.81865406397688	53.0	231.0003515213061	45.45454545454545	25603.0
Seed-P4S4-a_S5.16S.R1	87.99608634501314	53.0	231.99981654742248	45.45454545454545	16353.0
Seed-P4S4-a_S5.16S.R2	78.26086956521739	53.0	231.0	45.45454545454545	16353.0
Seed-P4S4-b_S13.16S.R1	88.60445502802996	53.0	232.0	45.45454545454545	20157.0
Seed-P4S4-b_S13.16S.R2	83.13241057697078	54.0	230.9999503894429	45.45454545454545	20157.0
Seed-P4S4-c_S21.16S.R1	88.26020219128777	53.0	230.99343672259567	45.45454545454545	18893.0
Seed-P4S4-c_S21.16S.R2	82.34266659609379	54.0	231.00010585931298	45.45454545454545	18893.0
Seed-P5S1-a_S29.16S.R1	87.13645309424885	53.0	231.99994533129237	45.45454545454545	18292.0
Seed-P5S1-a_S29.16S.R2	81.59304614038925	54.0	230.99994533129237	45.45454545454545	18292.0
Seed-P5S1-b_S37.16S.R1	86.64566574787646	53.0	231.9998874950779	45.45454545454545	17777.0
Seed-P5S1-b_S37.16S.R2	80.46352027901222	54.0	231.00005625246104	45.45454545454545	17777.0
Seed-P5S1-c_S45.16S.R1	86.9573874950219	53.0	231.99990043807247	45.45454545454545	20088.0
Seed-P5S1-c_S45.16S.R2	80.3763440860215	54.0	231.00019912385503	45.45454545454545	20088.0
Seed-P5S2-a_S53.16S.R1	89.68788001621402	54.0	231.9998783948115	45.45454545454545	24670.0
Seed-P5S2-a_S53.16S.R2	85.73165788406972	54.0	231.00004053506282	45.45454545454545	24670.0
Seed-P5S2-b_S61.16S.R1	89.1792401381567	54.0	231.999909107435	45.45454545454545	22004.0
Seed-P5S2-b_S61.16S.R2	84.10289038356663	54.0	231.0	45.45454545454545	22004.0
Seed-P5S2-c_S69.16S.R1	89.20504782573748	54.0	232.0	45.45454545454545	24882.0
Seed-P5S2-c_S69.16S.R2	84.40237922996543	54.0	231.00004018969537	45.45454545454545	24882.0
Seed-P6S1-a_S77.16S.R1	88.29699978415714	51.0	230.99486293977984	45.45454545454545	23165.0
Seed-P6S1-a_S77.16S.R2	83.14698899201382	52.0	231.00025901143968	45.45454545454545	23165.0
Seed-P6S1-b_S85.16S.R1	88.61263536153062	52.0	231.99995143980965	45.45454545454545	20593.0
Seed-P6S1-b_S85.16S.R2	82.88253289952897	52.0	231.00029136114213	45.45454545454545	20593.0
Seed-P6S1-c_S92.16S.R1	89.1394474795614	52.0	231.99984501530474	45.45454545454545	25809.0
Seed-P6S1-c_S92.16S.R2	83.09891898175056	52.0	231.0003099693905	45.45454545454545	25809.0
Seed-P6S2-a_S6.16S.R1	88.10506188990641	51.0	232.0	45.45454545454545	19874.0
Seed-P6S2-a_S6.16S.R2	77.77498238905102	51.0	231.00010063399415	45.45454545454545	19874.0
Seed-P6S2-b_S14.16S.R1	87.34658094681473	51.0	231.99990259107733	45.45454545454545	20532.0
Seed-P6S2-b_S14.16S.R2	81.32670952659264	51.0	231.00009740892267	45.45454545454545	20532.0
Seed-P6S2-c_S22.16S.R1	87.18237980123556	51.0	231.99989255976362	45.45454545454545	18615.0
Seed-P6S2-c_S22.16S.R2	80.81654579640076	51.0	231.0	45.45454545454545	18615.0
Seed-P6S3-a_S30.16S.R1	87.07501062473438	51.0	231.9998406289843	45.45454545454545	18824.0
Seed-P6S3-a_S30.16S.R2	81.91670208244794	52.0	231.0000531236719	36.36363636363637	18824.0
Seed-P6S3-b_S38.16S.R1	86.8064607537546	51.0	232.0	45.45454545454545	17645.0
Seed-P6S3-b_S38.16S.R2	80.40238027769907	52.0	231.00017001983565	36.36363636363637	17645.0
Seed-P6S3-c_S46.16S.R1	87.12074303405572	51.0	232.0	45.45454545454545	19380.0
Seed-P6S3-c_S46.16S.R2	80.60887512899896	52.0	231.00010319917442	36.36363636363637	19380.0
Seed-P7S1-a_S54.16S.R1	88.41729638958859	52.0	231.99991603694374	45.45454545454545	23820.0
Seed-P7S1-a_S54.16S.R2	83.727959697733	52.0	231.00004198152814	36.36363636363637	23820.0
Seed-P7S1-b_S62.16S.R1	87.95803400692543	52.0	232.0	45.45454545454545	19349.0
Seed-P7S1-b_S62.16S.R2	82.23680810377797	52.0	231.0002067290299	36.36363636363637	19349.0
Seed-P7S1-c_S70.16S.R1	88.80740477038091	52.0	231.9999288002848	45.45454545454545	28090.0
Seed-P7S1-c_S70.16S.R2	83.36774652901389	52.0	231.0002847988608	36.36363636363637	28090.0
Seed-P7S2-a_S78.16S.R1	87.29547641963427	52.0	231.99995815374314	36.36363636363637	23897.0
Seed-P7S2-a_S78.16S.R2	82.44549525044985	53.0	231.0001673850274	36.36363636363637	23897.0
Seed-P7S2-b_S86.16S.R1	86.15563667142781	52.0	231.99994709834417	36.36363636363637	18903.0
Seed-P7S2-b_S86.16S.R2	80.65915463153996	53.0	231.00010580331164	36.36363636363637	18903.0
Seed-P7S2-c_S93.16S.R1	87.55666775468755	52.0	231.999963732637	36.36363636363637	27573.0
Seed-P7S2-c_S93.16S.R2	81.3984695172814	53.0	231.000326406267	36.36363636363637	27573.0
Seed-P7S3-a_S7.16S.R1	89.54156672851518	52.0	231.999954744988	45.45454545454545	22097.0
Seed-P7S3-a_S7.16S.R2	78.95189392225188	52.0	231.000090510024	36.36363636363637	22097.0
Seed-P7S3-b_S15.16S.R1	88.1896551724138	52.0	231.99994929006084	45.45454545454545	19720.0
Seed-P7S3-b_S15.16S.R2	82.39858012170386	52.0	230.99994929006084	36.36363636363637	19720.0
Seed-P7S3-c_S23.16S.R1	87.95008912655972	52.0	231.99857397504456	45.45454545454545	16830.0
Seed-P7S3-c_S23.16S.R2	82.174688057041	53.0	231.00017825311943	36.36363636363637	16830.0
Seed-P7S4-a_S31.16S.R1	87.72271714922049	52.0	232.0	45.45454545454545	17960.0
Seed-P7S4-a_S31.16S.R2	81.84855233853007	53.0	231.0001113585746	36.36363636363637	17960.0
Seed-P7S4-b_S39.16S.R1	87.54580819755314	52.0	232.0	45.45454545454545	17737.0
Seed-P7S4-b_S39.16S.R2	81.07910018605176	53.0	231.00022551728026	36.36363636363637	17737.0
Seed-P7S4-c_S47.16S.R1	87.39935166788665	52.0	231.99994771515216	45.45454545454545	19126.0
Seed-P7S4-c_S47.16S.R2	81.30816689323434	53.0	230.9998954303043	36.36363636363637	19126.0
Seed-PBS-a_S55.16S.R1	91.87876523607154	52.0	231.99981319759024	45.45454545454545	21413.0
Seed-PBS-a_S55.16S.R2	88.58170270396488	52.0	231.00018680240976	45.45454545454545	21413.0
Seed-PBS-b_S63.16S.R1	91.50969401819351	52.0	230.98860608288155	45.45454545454545	21766.0
Seed-PBS-b_S63.16S.R2	87.83423688321236	52.0	231.00009188642838	45.45454545454545	21766.0
Seed-PBS-c_S71.16S.R1	91.8764610681532	52.0	230.98885092609243	45.45454545454545	22244.0
Seed-PBS-c_S71.16S.R2	88.19456932206438	52.0	231.00004495594317	45.45454545454545	22244.0
Seed-Pram-120-a_S32.16S.R1	89.64426534945189	53.0	231.99987001169896	45.45454545454545	23079.0
Seed-Pram-120-a_S32.16S.R2	85.8832705056545	54.0	231.00021664716843	45.45454545454545	23079.0
Seed-Pram-120-b_S40.16S.R1	88.98341333586806	53.0	231.99995247374173	45.45454545454545	21041.0
Seed-Pram-120-b_S40.16S.R2	84.88189724822965	54.0	231.00004752625827	45.45454545454545	21041.0
Seed-Pram-120-c_S48.16S.R1	89.0579340414676	53.0	231.99995361565936	45.45454545454545	21559.0
Seed-Pram-120-c_S48.16S.R2	84.66069854817013	54.0	231.0001855373626	45.45454545454545	21559.0
Seed-Pram-120-d-a_S56.16S.R1	92.82983202302702	52.0	231.9978519568673	45.45454545454545	23277.0
Seed-Pram-120-d-a_S56.16S.R2	90.51853761223525	52.0	231.0	45.45454545454545	23277.0
Seed-Pram-120-d-b_S64.16S.R1	92.89638628801362	52.0	232.0	36.36363636363637	25846.0
Seed-Pram-120-d-b_S64.16S.R2	90.22285846939565	53.0	231.00007738141298	45.45454545454545	25846.0
Seed-Pram-120-d-c_S72.16S.R1	92.555190230155	52.0	231.9999608579928	36.36363636363637	25548.0
Seed-Pram-120-d-c_S72.16S.R2	90.20666979802725	52.0	231.0000782840144	45.45454545454545	25548.0
Soil-Control-a_S154.16S.R1	90.73605750033275	53.0	232.0	36.36363636363637	22539.0
Soil-Control-a_S154.16S.R2	86.56107191978349	53.0	231.00031057278494	36.36363636363637	22539.0
Soil-Mock-a_S136.16S.R1	92.04241247178626	55.0	231.9999475093171	45.45454545454545	19051.0
Soil-Mock-a_S136.16S.R2	89.37063671198362	55.0	231.0	36.36363636363637	19051.0
Soil-P2S1-a_S95.16S.R1	72.659706246682	55.0	231.99991152008494	36.36363636363637	22604.0
Soil-P2S1-a_S95.16S.R2	56.31304193947974	55.0	231.00004423995753	36.36363636363637	22604.0
Soil-P2S1-b_S101.16S.R1	70.43958722678151	55.0	231.99991874542943	36.36363636363637	24614.0
Soil-P2S1-b_S101.16S.R2	58.657674494190296	55.0	231.00032501828227	36.36363636363637	24614.0
Soil-P2S1-c_S107.16S.R1	76.01088800347154	55.0	231.99992110142412	45.45454545454545	25349.0
Soil-P2S1-c_S107.16S.R2	67.40699830368062	55.0	231.00007889857588	45.45454545454545	25349.0
Soil-P2S2-a_S113.16S.R1	72.14408501328333	54.0	231.99996093139552	36.36363636363637	25596.0
Soil-P2S2-a_S113.16S.R2	59.55227379278012	55.0	231.00007813720893	36.36363636363637	25596.0
Soil-P2S2-b_S119.16S.R1	70.57088582283544	54.0	231.999950009998	36.36363636363637	20004.0
Soil-P2S2-b_S119.16S.R2	57.3135372925415	54.0	231.00029994001198	36.36363636363637	20004.0
Soil-P2S2-c_S125.16S.R1	70.83016717325228	54.0	231.99995250759878	36.36363636363637	21056.0
Soil-P2S2-c_S125.16S.R2	57.82199848024316	54.0	231.00004749240122	36.36363636363637	21056.0
Soil-P2S3-a_S131.16S.R1	71.38430128695906	54.0	232.0	36.36363636363637	27429.0
Soil-P2S3-a_S131.16S.R2	60.45790951183054	55.0	231.00003645776368	36.36363636363637	27429.0
Soil-P2S3-b_S137.16S.R1	70.67816229593262	55.0	231.9999600846206	36.36363636363637	25053.0
Soil-P2S3-b_S137.16S.R2	58.88715922244841	55.0	231.00027940765577	36.36363636363637	25053.0
Soil-P2S3-c_S143.16S.R1	71.26969416126043	55.0	232.0	36.36363636363637	23738.0
Soil-P2S3-c_S143.16S.R2	59.777571825764596	55.0	231.0000842530963	36.36363636363637	23738.0
Soil-P2S4-a_S149.16S.R1	72.13853681087953	54.0	231.9999614747467	36.36363636363637	25957.0
Soil-P2S4-a_S149.16S.R2	60.29972647070154	54.0	231.0001541010132	36.36363636363637	25957.0
Soil-P2S4-b_S155.16S.R1	69.65910971371835	55.0	231.99995862981962	36.36363636363637	24172.0
Soil-P2S4-b_S155.16S.R2	57.6121131888135	55.0	231.00024822108224	36.36363636363637	24172.0
Soil-P2S4-c_S160.16S.R1	72.15549528606483	54.0	231.99990313831847	36.36363636363637	30972.0
Soil-P2S4-c_S160.16S.R2	59.69908304274829	55.0	231.00029058504455	36.36363636363637	30972.0
Soil-P3S1-a_S96.16S.R1	75.9210690645685	55.0	231.99970858831855	36.36363636363637	24021.0
Soil-P3S1-a_S96.16S.R2	61.795928562507804	55.0	231.00016652096082	36.36363636363637	24021.0
Soil-P3S1-b_S102.16S.R1	77.26722638227062	55.0	232.0	36.36363636363637	26442.0
Soil-P3S1-b_S102.16S.R2	67.21503668406324	55.0	231.00003781862188	36.36363636363637	26442.0
Soil-P3S1-c_S108.16S.R1	76.55996758508914	55.0	232.0	36.36363636363637	24680.0
Soil-P3S1-c_S108.16S.R2	66.26823338735818	55.0	231.0001215559157	36.36363636363637	24680.0
Soil-P3S2-a_S114.16S.R1	76.62044913235795	55.0	231.9999574685267	45.45454545454545	23512.0
Soil-P3S2-a_S114.16S.R2	65.98332766247023	55.0	231.00012759441987	36.36363636363637	23512.0
Soil-P3S2-b_S120.16S.R1	76.44728153202729	55.0	231.9999119524543	36.36363636363637	22715.0
Soil-P3S2-b_S120.16S.R2	65.02751485802332	55.0	231.00013207131852	36.36363636363637	22715.0
Soil-P3S2-c_S126.16S.R1	76.46975559120506	55.0	232.0	36.36363636363637	21194.0
Soil-P3S2-c_S126.16S.R2	65.30621874115315	55.0	231.0	36.36363636363637	21194.0
Soil-P3S3-a_S132.16S.R1	76.51697789400563	55.0	231.99991827728516	36.36363636363637	24473.0
Soil-P3S3-a_S132.16S.R2	66.54272054917664	55.0	231.0002451681445	36.36363636363637	24473.0
Soil-P3S3-b_S138.16S.R1	76.09691042453878	55.0	231.99986663703046	36.36363636363637	22495.0
Soil-P3S3-b_S138.16S.R2	64.36096910424538	55.0	231.00013336296954	36.36363636363637	22495.0
Soil-P3S3-c_S144.16S.R1	76.76029242016159	54.0	231.99996152366296	45.45454545454545	25990.0
Soil-P3S3-c_S144.16S.R2	66.34859561369757	55.0	231.00011542901115	36.36363636363637	25990.0
Soil-P3S4-a_S150.16S.R1	75.07033936572996	55.0	231.9999305290215	45.45454545454545	28789.0
Soil-P3S4-a_S150.16S.R2	64.91020876029039	56.0	231.00041682587099	36.36363636363637	28789.0
Soil-P3S4-b_S156.16S.R1	76.19775739041793	55.0	231.9998431741551	36.36363636363637	25506.0
Soil-P3S4-b_S156.16S.R2	65.53359993726966	55.0	231.0	36.36363636363637	25506.0
Soil-P3S4-c_S161.16S.R1	75.77501534683856	55.0	231.99992326580724	36.36363636363637	26064.0
Soil-P3S4-c_S161.16S.R2	64.66774094536525	55.0	231.0	36.36363636363637	26064.0
Soil-P3S5-a_S97.16S.R1	76.21022524133	55.0	231.99992849481586	36.36363636363637	27970.0
Soil-P3S5-a_S97.16S.R2	62.12727922774401	55.0	231.0001787629603	36.36363636363637	27970.0
Soil-P3S5-b_S103.16S.R1	75.44888831269851	55.0	232.0	36.36363636363637	30854.0
Soil-P3S5-b_S103.16S.R2	65.68030077137486	56.0	231.00029169637648	36.36363636363637	30854.0
Soil-P3S5-c_S109.16S.R1	75.02590673575129	55.0	231.9998889711325	36.36363636363637	27020.0
Soil-P3S5-c_S109.16S.R2	64.99629903774982	56.0	231.000074019245	36.36363636363637	27020.0
Soil-P4S1-a_S115.16S.R1	74.98043308113749	55.0	231.99981364839178	36.36363636363637	26831.0
Soil-P4S1-a_S115.16S.R2	65.17088442473258	55.0	231.00018635160822	36.36363636363637	26831.0
Soil-P4S1-b_S121.16S.R1	76.85347088651862	54.0	232.0	36.36363636363637	22876.0
Soil-P4S1-b_S121.16S.R2	65.19933554817277	55.0	231.00008742787202	36.36363636363637	22876.0
Soil-P4S1-c_S127.16S.R1	74.55476945596487	55.0	231.99985362283485	36.36363636363637	20495.0
Soil-P4S1-c_S127.16S.R2	63.04464503537448	55.0	231.0	36.36363636363637	20495.0
Soil-P4S2-a_S133.16S.R1	75.93947709429072	55.0	232.0	36.36363636363637	26238.0
Soil-P4S2-a_S133.16S.R2	64.8829941306502	55.0	231.00003811266103	36.36363636363637	26238.0
Soil-P4S2-b_S139.16S.R1	74.43718228031953	55.0	231.99996177808356	36.36363636363637	26163.0
Soil-P4S2-b_S139.16S.R2	63.34135993578718	55.0	231.0	36.36363636363637	26163.0
Soil-P4S2-c_S145.16S.R1	74.37505970767124	55.0	232.0	36.36363636363637	31403.0
Soil-P4S2-c_S145.16S.R2	63.38247938095086	55.0	231.00012737636533	36.36363636363637	31403.0
Soil-P4S3-a_S151.16S.R1	76.62073716844644	55.0	231.99993110575267	45.45454545454545	29030.0
Soil-P4S3-a_S151.16S.R2	65.96968653117464	56.0	231.000103341371	36.36363636363637	29030.0
Soil-P4S3-b_S157.16S.R1	76.39825941155335	55.0	231.99996007824663	45.45454545454545	25049.0
Soil-P4S3-b_S157.16S.R2	65.3479180805621	56.0	231.00015968701345	36.36363636363637	25049.0
Soil-P4S3-c_S162.16S.R1	77.24681539869097	56.0	232.0	45.45454545454545	28418.0
Soil-P4S3-c_S162.16S.R2	65.69779717080723	56.0	231.00014075585895	36.36363636363637	28418.0
Soil-P4S4-a_S98.16S.R1	74.56480488408548	55.0	231.99987624783435	36.36363636363637	24242.0
Soil-P4S4-a_S98.16S.R2	58.130517284052466	55.0	231.00024750433133	36.36363636363637	24242.0
Soil-P4S4-b_S104.16S.R1	73.03134479271992	55.0	232.0	36.36363636363637	24725.0
Soil-P4S4-b_S104.16S.R2	62.07077856420627	55.0	230.99991911021235	36.36363636363637	24725.0
Soil-P4S4-c_S110.16S.R1	72.5338579795022	55.0	231.99990849194728	36.36363636363637	21856.0
Soil-P4S4-c_S110.16S.R2	60.926061493411424	55.0	231.00004575402636	36.36363636363637	21856.0
Soil-P5S1-a_S116.16S.R1	77.04326394084768	54.0	231.99995598785264	45.45454545454545	22721.0
Soil-P5S1-a_S116.16S.R2	65.52088376391885	55.0	231.0000880242947	36.36363636363637	22721.0
Soil-P5S1-b_S122.16S.R1	76.31460065052403	54.0	231.9999548247199	45.45454545454545	22136.0
Soil-P5S1-b_S122.16S.R2	64.17148536320926	55.0	231.00009035056019	36.36363636363637	22136.0
Soil-P5S1-c_S128.16S.R1	76.10213164675568	55.0	231.99995315062074	45.45454545454545	21345.0
Soil-P5S1-c_S128.16S.R2	63.54649800890138	55.0	230.99971890372453	36.36363636363637	21345.0
Soil-P5S2-a_S134.16S.R1	77.08459425485358	54.0	232.0	45.45454545454545	21479.0
Soil-P5S2-a_S134.16S.R2	66.04590530285395	55.0	231.0002793426137	36.36363636363637	21479.0
Soil-P5S2-b_S140.16S.R1	76.63150436904668	55.0	231.99988191765723	45.45454545454545	25406.0
Soil-P5S2-b_S140.16S.R2	64.79178146894435	55.0	231.00015744312367	36.36363636363637	25406.0
Soil-P5S2-c_S146.16S.R1	77.59847036328873	54.0	232.0	45.45454545454545	26150.0
Soil-P5S2-c_S146.16S.R2	66.06500956022944	55.0	231.00026768642448	36.36363636363637	26150.0
Soil-P6S1-a_S152.16S.R1	73.44976525821596	55.0	231.99996244131455	36.36363636363637	26625.0
Soil-P6S1-a_S152.16S.R2	61.61502347417841	55.0	231.0000751173709	36.36363636363637	26625.0
Soil-P6S1-b_S158.16S.R1	74.96808238999064	55.0	231.99995744318664	36.36363636363637	23498.0
Soil-P6S1-b_S158.16S.R2	62.52021448633926	55.0	231.00025534088007	36.36363636363637	23498.0
Soil-P6S1-c_S163.16S.R1	74.5108231537519	55.0	231.99899751234545	36.36363636363637	26933.0
Soil-P6S1-c_S163.16S.R2	61.78665577544277	55.0	231.00014851668956	36.36363636363637	26933.0
Soil-P6S2-a_S99.16S.R1	76.379629994872	55.0	231.9999605538243	45.45454545454545	25351.0
Soil-P6S2-a_S99.16S.R2	60.431541162084336	55.0	231.00015778470276	36.36363636363637	25351.0
Soil-P6S2-b_S105.16S.R1	76.38318670576734	55.0	231.99996089931574	45.45454545454545	25575.0
Soil-P6S2-b_S105.16S.R2	64.7585532746823	55.0	231.00015640273705	36.36363636363637	25575.0
Soil-P6S2-c_S111.16S.R1	75.01180058821393	55.0	231.9999636904978	45.45454545454545	27541.0
Soil-P6S2-c_S111.16S.R2	64.035438074144	55.0	231.00032678551977	36.36363636363637	27541.0
Soil-P6S3-a_S117.16S.R1	78.09860538204674	54.0	231.99996071498722	45.45454545454545	25455.0
Soil-P6S3-a_S117.16S.R2	67.68414849734826	54.0	231.00027499508937	36.36363636363637	25455.0
Soil-P6S3-b_S123.16S.R1	76.26369249153555	54.0	231.99996016729736	36.36363636363637	25105.0
Soil-P6S3-b_S123.16S.R2	66.14220274845648	55.0	230.99996016729736	36.36363636363637	25105.0
Soil-P6S3-c_S129.16S.R1	77.62102351313969	54.0	231.99996048211815	45.45454545454545	25305.0
Soil-P6S3-c_S129.16S.R2	65.74590001975895	54.0	231.0000790357637	36.36363636363637	25305.0
Soil-P7S1-a_S135.16S.R1	73.213794998626	55.0	231.99996564990383	36.36363636363637	29112.0
Soil-P7S1-a_S135.16S.R2	63.949574058807364	55.0	231.00006870019237	36.36363636363637	29112.0
Soil-P7S1-b_S141.16S.R1	72.48798741336054	55.0	231.99982991027767	36.36363636363637	23517.0
Soil-P7S1-b_S141.16S.R2	61.980694816515715	55.0	231.00034017944466	36.36363636363637	23517.0
Soil-P7S1-c_S147.16S.R1	72.36949212528756	55.0	232.0	36.36363636363637	28255.0
Soil-P7S1-c_S147.16S.R2	62.66147584498319	55.0	231.0004600955583	36.36363636363637	28255.0
Soil-P7S2-a_S153.16S.R1	74.94690757016369	55.0	231.99986931094193	45.45454545454545	30607.0
Soil-P7S2-a_S153.16S.R2	65.03740974286927	55.0	231.0002613781161	36.36363636363637	30607.0
Soil-P7S2-b_S159.16S.R1	74.3733617300131	54.0	231.99991808650066	45.45454545454545	24416.0
Soil-P7S2-b_S159.16S.R2	63.663171690694625	55.0	231.0001638269987	36.36363636363637	24416.0
Soil-P7S2-c_S164.16S.R1	74.57359954732843	55.0	232.0	36.36363636363637	24742.0
Soil-P7S2-c_S164.16S.R2	62.81222213240644	55.0	231.00024250262712	36.36363636363637	24742.0
Soil-P7S3-a_S100.16S.R1	74.72460469086623	54.0	231.99995935124588	36.36363636363637	24601.0
Soil-P7S3-a_S100.16S.R2	58.23747002154384	55.0	231.00016259501646	36.36363636363637	24601.0
Soil-P7S3-b_S106.16S.R1	74.39511392999765	54.0	231.99996084879805	36.36363636363637	25542.0
Soil-P7S3-b_S106.16S.R2	62.85725471771983	54.0	230.99886461514367	36.36363636363637	25542.0
Soil-P7S3-c_S112.16S.R1	73.93343419062028	55.0	231.9998865355522	36.36363636363637	26440.0
Soil-P7S3-c_S112.16S.R2	62.473524962178516	55.0	230.99992435703479	36.36363636363637	26440.0
Soil-P7S4-a_S118.16S.R1	74.46426433616665	54.0	232.0	36.36363636363637	25059.0
Soil-P7S4-a_S118.16S.R2	61.85003391994892	54.0	231.0001197174668	36.36363636363637	25059.0
Soil-P7S4-b_S124.16S.R1	72.58380843785633	54.0	232.0	36.36363636363637	21925.0
Soil-P7S4-b_S124.16S.R2	60.85290763968073	54.0	231.00031927023946	36.36363636363637	21925.0
Soil-P7S4-c_S130.16S.R1	71.82244279018472	54.0	232.0	36.36363636363637	21762.0
Soil-P7S4-c_S130.16S.R2	59.95312930796802	55.0	231.0000919033177	36.36363636363637	21762.0
