	227	228	229	230	231
Germ-Control-a_S190.ITS1.R1	8.0	649.0	13881.0	149.0	6.0
	229	230	231	232	233
Germ-Control-a_S190.ITS1.R2	1.0	37.0	14585.0	65.0	5.0
	227	228	229	230	231
Germ-Control-b_S197.ITS1.R1	14.0	1302.0	15041.0	72.0	9.0
	229	230	231	232	233
Germ-Control-b_S197.ITS1.R2	1.0	50.0	16309.0	74.0	4.0
	227	228	229	230	231
Germ-Control-c_S204.ITS1.R1	10.0	925.0	17679.0	106.0	5.0
	230	231	232	233
Germ-Control-c_S204.ITS1.R2	59.0	18580.0	77.0	9.0
	227	228	229	230	231
Germ-Mock-a_S171.ITS1.R1	8.0	759.0	14767.0	36.0	7.0
	229	230	231	232	233
Germ-Mock-a_S171.ITS1.R2	3.0	12.0	15491.0	69.0	2.0
	227	228	229	230	231
Germ-P2S2-ACN-a_S165.ITS1.R1	17.0	823.0	15370.0	41.0	7.0
	229	230	231	232	233
Germ-P2S2-ACN-a_S165.ITS1.R2	5.0	32.0	16135.0	79.0	7.0
	227	228	229	230	231
Germ-P2S2-ACN-b_S166.ITS1.R1	6.0	587.0	10223.0	40.0	4.0
	229	230	231	232
Germ-P2S2-ACN-b_S166.ITS1.R2	1.0	19.0	10798.0	42.0
	227	228	229	230	231
Germ-P2S2-ACN-c_S167.ITS1.R1	8.0	773.0	15186.0	43.0	14.0
	229	230	231	232	233
Germ-P2S2-ACN-c_S167.ITS1.R2	2.0	26.0	15943.0	51.0	2.0
	227	228	229	230	231
Germ-P2S2-Chanvre-a_S217.ITS1.R1	8.0	655.0	12735.0	30.0	7.0
	229	230	231	232	233
Germ-P2S2-Chanvre-a_S217.ITS1.R2	2.0	21.0	13355.0	51.0	6.0
	227	228	229	230	231	232
Germ-P2S2-Chanvre-b_S218.ITS1.R1	6.0	583.0	11059.0	27.0	8.0	1.0
	229	230	231	232
Germ-P2S2-Chanvre-b_S218.ITS1.R2	5.0	16.0	11606.0	57.0
	227	228	229	230	231
Germ-P2S2-Chanvre-c_S219.ITS1.R1	5.0	564.0	11143.0	29.0	5.0
	230	231	232	233
Germ-P2S2-Chanvre-c_S219.ITS1.R2	14.0	11683.0	46.0	3.0
	227	228	229	230	231
Germ-P2S2-Colza-a_S191.ITS1.R1	9.0	570.0	11150.0	32.0	6.0
	229	230	231	232	233
Germ-P2S2-Colza-a_S191.ITS1.R2	1.0	18.0	11687.0	59.0	2.0
	227	228	229	230	231
Germ-P2S2-Colza-b_S192.ITS1.R1	9.0	575.0	9670.0	34.0	7.0
	230	231	232
Germ-P2S2-Colza-b_S192.ITS1.R2	19.0	10222.0	54.0
	227	228	229	230	231
Germ-P2S2-Colza-c_S193.ITS1.R1	9.0	468.0	8642.0	25.0	2.0
	229	230	231	232	233
Germ-P2S2-Colza-c_S193.ITS1.R2	1.0	12.0	9088.0	41.0	4.0
	227	228	229	230	231
Germ-P2S2-Colza-myro-a_S194.ITS1.R1	8.0	626.0	12781.0	51.0	6.0
	229	230	231	232	233
Germ-P2S2-Colza-myro-a_S194.ITS1.R2	1.0	22.0	13390.0	56.0	3.0
	227	228	229	230	231
Germ-P2S2-Colza-myro-b_S195.ITS1.R1	7.0	553.0	11310.0	28.0	4.0
	229	230	231	232
Germ-P2S2-Colza-myro-b_S195.ITS1.R2	2.0	19.0	11833.0	48.0
	227	228	229	230	231
Germ-P2S2-Colza-myro-c_S196.ITS1.R1	10.0	723.0	15323.0	41.0	10.0
	229	230	231	232	233
Germ-P2S2-Colza-myro-c_S196.ITS1.R2	1.0	28.0	16009.0	62.0	7.0
	227	228	229	230	231
Germ-P2S2-GR24-a_S168.ITS1.R1	6.0	553.0	9325.0	27.0	6.0
	229	230	231	232	233
Germ-P2S2-GR24-a_S168.ITS1.R2	1.0	5.0	9873.0	37.0	1.0
	227	228	229	230	231
Germ-P2S2-GR24-b_S169.ITS1.R1	7.0	519.0	9953.0	31.0	6.0
	229	230	231	232	233
Germ-P2S2-GR24-b_S169.ITS1.R2	5.0	9.0	10454.0	47.0	1.0
	227	228	229	230	231
Germ-P2S2-GR24-c_S170.ITS1.R1	7.0	650.0	11328.0	35.0	5.0
	230	231	232
Germ-P2S2-GR24-c_S170.ITS1.R2	20.0	11949.0	56.0
	227	228	229	230	231
Germ-P2S2-Tabac-a_S220.ITS1.R1	10.0	555.0	10956.0	22.0	7.0
	227	228	229	230	231	232	233
Germ-P2S2-Tabac-a_S220.ITS1.R2	1.0	0.0	0.0	17.0	11477.0	52.0	3.0
	227	228	229	230	231
Germ-P2S2-Tabac-b_S221.ITS1.R1	9.0	600.0	12701.0	33.0	10.0
	230	231	232	233
Germ-P2S2-Tabac-b_S221.ITS1.R2	20.0	13270.0	61.0	2.0
	227	228	229	230	231
Germ-P2S2-Tabac-c_S222.ITS1.R1	13.0	568.0	11731.0	30.0	8.0
	229	230	231	232
Germ-P2S2-Tabac-c_S222.ITS1.R2	1.0	26.0	12274.0	49.0
	227	228	229	230	231
Germ-P3S2-ACN-a_S172.ITS1.R1	20.0	863.0	17572.0	53.0	9.0
	230	231	232	233
Germ-P3S2-ACN-a_S172.ITS1.R2	44.0	18411.0	60.0	2.0
	227	228	229	230	231
Germ-P3S2-ACN-b_S173.ITS1.R1	5.0	602.0	12151.0	33.0	3.0
	229	230	231	232
Germ-P3S2-ACN-b_S173.ITS1.R2	1.0	22.0	12728.0	43.0
	227	228	229	230	231
Germ-P3S2-ACN-c_S174.ITS1.R1	4.0	732.0	14448.0	58.0	3.0
	229	230	231	232	233
Germ-P3S2-ACN-c_S174.ITS1.R2	3.0	34.0	15146.0	61.0	1.0
	227	228	229	230	231
Germ-P3S2-Chanvre-a_S223.ITS1.R1	8.0	592.0	11896.0	33.0	7.0
	229	230	231	232
Germ-P3S2-Chanvre-a_S223.ITS1.R2	1.0	28.0	12460.0	47.0
	227	228	229	230	231
Germ-P3S2-Chanvre-b_S224.ITS1.R1	2.0	550.0	11731.0	24.0	6.0
	229	230	231	232	233
Germ-P3S2-Chanvre-b_S224.ITS1.R2	1.0	32.0	12228.0	50.0	2.0
	227	228	229	230	231
Germ-P3S2-Chanvre-c_S225.ITS1.R1	4.0	704.0	13706.0	35.0	5.0
	229	230	231	232	233
Germ-P3S2-Chanvre-c_S225.ITS1.R2	2.0	26.0	14362.0	63.0	1.0
	227	228	229	230	231
Germ-P3S2-Colza-a_S198.ITS1.R1	9.0	864.0	16399.0	45.0	8.0
	229	230	231	232	233
Germ-P3S2-Colza-a_S198.ITS1.R2	1.0	39.0	17215.0	69.0	1.0
	227	228	229	230	231
Germ-P3S2-Colza-b_S199.ITS1.R1	18.0	777.0	16239.0	50.0	13.0
	229	230	231	232	233
Germ-P3S2-Colza-b_S199.ITS1.R2	1.0	44.0	16989.0	57.0	6.0
	227	228	229	230	231
Germ-P3S2-Colza-c_S200.ITS1.R1	8.0	708.0	15038.0	42.0	9.0
	230	231	232	233
Germ-P3S2-Colza-c_S200.ITS1.R2	42.0	15706.0	54.0	3.0
	227	228	229	230	231
Germ-P3S2-Colza-myro-a_S201.ITS1.R1	14.0	833.0	16921.0	54.0	11.0
	229	230	231	232	233
Germ-P3S2-Colza-myro-a_S201.ITS1.R2	1.0	37.0	17722.0	66.0	7.0
	196	197	198	199	200	201	202	203	204	205	206	207	208	209	210	211	212	213	214	215	216	217	218	219	220	221	222	223	224	225	226	227	228	229	230	231
Germ-P3S2-Colza-myro-b_S202.ITS1.R1	1.0	0.0	0.0	0.0	0.0	0.0	0.0	0.0	0.0	0.0	0.0	0.0	0.0	0.0	0.0	0.0	0.0	0.0	0.0	0.0	0.0	0.0	0.0	0.0	0.0	0.0	0.0	0.0	0.0	0.0	0.0	8.0	781.0	16095.0	48.0	9.0
	230	231	232	233
Germ-P3S2-Colza-myro-b_S202.ITS1.R2	54.0	16835.0	50.0	3.0
	227	228	229	230	231
Germ-P3S2-Colza-myro-c_S203.ITS1.R1	6.0	717.0	15019.0	49.0	6.0
	230	231	232	233
Germ-P3S2-Colza-myro-c_S203.ITS1.R2	30.0	15707.0	57.0	3.0
	227	228	229	230	231
Germ-P3S2-GR24-a_S175.ITS1.R1	5.0	628.0	12407.0	39.0	10.0
	229	230	231	232	233
Germ-P3S2-GR24-a_S175.ITS1.R2	2.0	31.0	13003.0	50.0	3.0
	227	228	229	230	231
Germ-P3S2-GR24-b_S176.ITS1.R1	6.0	577.0	11797.0	41.0	8.0
	229	230	231	232	233
Germ-P3S2-GR24-b_S176.ITS1.R2	2.0	22.0	12350.0	52.0	3.0
	227	228	229	230	231
Germ-P3S2-GR24-c_S177.ITS1.R1	9.0	754.0	14585.0	46.0	7.0
	230	231	232	233
Germ-P3S2-GR24-c_S177.ITS1.R2	41.0	15304.0	51.0	5.0
	227	228	229	230	231
Germ-P3S2-Tabac-a_S226.ITS1.R1	3.0	663.0	14022.0	36.0	4.0
	229	230	231	232	233
Germ-P3S2-Tabac-a_S226.ITS1.R2	2.0	38.0	14644.0	41.0	3.0
	227	228	229	230	231
Germ-P3S2-Tabac-b_S227.ITS1.R1	6.0	711.0	15906.0	56.0	5.0
	229	230	231	232	233
Germ-P3S2-Tabac-b_S227.ITS1.R2	2.0	35.0	16597.0	49.0	1.0
	227	228	229	230	231
Germ-P3S2-Tabac-c_S228.ITS1.R1	7.0	763.0	15875.0	57.0	11.0
	229	230	231	232	233
Germ-P3S2-Tabac-c_S228.ITS1.R2	1.0	30.0	16624.0	55.0	3.0
	227	228	229	230	231
Germ-P4S1-ACN-a_S178.ITS1.R1	4.0	644.0	12622.0	39.0	12.0
	230	231	232	233
Germ-P4S1-ACN-a_S178.ITS1.R2	23.0	13226.0	68.0	4.0
	227	228	229	230	231
Germ-P4S1-ACN-b_S179.ITS1.R1	4.0	683.0	12079.0	32.0	4.0
	229	230	231	232	233
Germ-P4S1-ACN-b_S179.ITS1.R2	1.0	27.0	12717.0	54.0	3.0
	227	228	229	230	231
Germ-P4S1-ACN-c_S180.ITS1.R1	5.0	613.0	11500.0	27.0	3.0
	229	230	231	232
Germ-P4S1-ACN-c_S180.ITS1.R2	3.0	22.0	12068.0	55.0
	227	228	229	230	231
Germ-P4S1-Chanvre-a_S229.ITS1.R1	5.0	753.0	12699.0	45.0	7.0
	229	230	231	232	233
Germ-P4S1-Chanvre-a_S229.ITS1.R2	2.0	25.0	13400.0	71.0	11.0
	227	228	229	230	231
Germ-P4S1-Chanvre-b_S230.ITS1.R1	6.0	700.0	14259.0	46.0	10.0
	229	230	231	232	233
Germ-P4S1-Chanvre-b_S230.ITS1.R2	1.0	41.0	14910.0	65.0	4.0
	227	228	229	230	231
Germ-P4S1-Chanvre-c_S231.ITS1.R1	7.0	619.0	12750.0	36.0	6.0
	213	214	215	216	217	218	219	220	221	222	223	224	225	226	227	228	229	230	231	232	233
Germ-P4S1-Chanvre-c_S231.ITS1.R2	2.0	0.0	0.0	0.0	0.0	0.0	0.0	0.0	0.0	0.0	0.0	0.0	0.0	0.0	0.0	0.0	0.0	32.0	13310.0	72.0	2.0
	227	228	229	230	231
Germ-P4S1-Colza-a_S205.ITS1.R1	6.0	476.0	9308.0	23.0	4.0
	230	231	232	233
Germ-P4S1-Colza-a_S205.ITS1.R2	16.0	9776.0	24.0	1.0
	227	228	229	230	231
Germ-P4S1-Colza-b_S206.ITS1.R1	6.0	607.0	12070.0	34.0	7.0
	230	231	232	233
Germ-P4S1-Colza-b_S206.ITS1.R2	21.0	12642.0	56.0	5.0
	227	228	229	230	231
Germ-P4S1-Colza-c_S207.ITS1.R1	4.0	617.0	12738.0	42.0	5.0
	230	231	232	233
Germ-P4S1-Colza-c_S207.ITS1.R2	28.0	13335.0	39.0	4.0
	227	228	229	230	231
Germ-P4S1-Colza-myro-a_S208.ITS1.R1	4.0	333.0	6458.0	10.0	6.0
	229	230	231	232	233
Germ-P4S1-Colza-myro-a_S208.ITS1.R2	2.0	8.0	6770.0	30.0	1.0
	227	228	229	230	231
Germ-P4S1-Colza-myro-b_S209.ITS1.R1	6.0	403.0	8774.0	36.0	5.0
	229	230	231	232	233
Germ-P4S1-Colza-myro-b_S209.ITS1.R2	2.0	14.0	9158.0	44.0	6.0
	227	228	229	230	231
Germ-P4S1-Colza-myro-c_S210.ITS1.R1	4.0	560.0	11157.0	45.0	3.0
	229	230	231	232	233
Germ-P4S1-Colza-myro-c_S210.ITS1.R2	2.0	20.0	11702.0	43.0	2.0
	227	228	229	230	231
Germ-P4S1-GR24-a_S181.ITS1.R1	7.0	716.0	13952.0	51.0	12.0
	230	231	232	233
Germ-P4S1-GR24-a_S181.ITS1.R2	24.0	14630.0	82.0	2.0
	227	228	229	230	231
Germ-P4S1-GR24-b_S182.ITS1.R1	10.0	806.0	16991.0	54.0	8.0
	229	230	231	232	233
Germ-P4S1-GR24-b_S182.ITS1.R2	1.0	39.0	17734.0	87.0	8.0
	227	228	229	230	231
Germ-P4S1-GR24-c_S183.ITS1.R1	6.0	634.0	12220.0	43.0	5.0
	229	230	231	232	233
Germ-P4S1-GR24-c_S183.ITS1.R2	1.0	25.0	12841.0	39.0	2.0
	227	228	229	230	231
Germ-P4S1-Tabac-a_S232.ITS1.R1	9.0	683.0	12619.0	36.0	5.0
	229	230	231	232	233
Germ-P4S1-Tabac-a_S232.ITS1.R2	2.0	28.0	13267.0	49.0	6.0
	227	228	229	230	231
Germ-P4S1-Tabac-b_S233.ITS1.R1	5.0	554.0	11563.0	30.0	5.0
	230	231	232	233
Germ-P4S1-Tabac-b_S233.ITS1.R2	40.0	12068.0	45.0	4.0
	227	228	229	230	231
Germ-P4S1-Tabac-c_S234.ITS1.R1	4.0	600.0	11165.0	29.0	7.0
	229	230	231	232	233
Germ-P4S1-Tabac-c_S234.ITS1.R2	3.0	33.0	11727.0	38.0	4.0
	227	228	229	230	231
Germ-P6S1-ACN-a_S184.ITS1.R1	11.0	973.0	18789.0	50.0	13.0
	230	231	232	233
Germ-P6S1-ACN-a_S184.ITS1.R2	47.0	19732.0	54.0	3.0
	227	228	229	230	231
Germ-P6S1-ACN-b_S185.ITS1.R1	9.0	817.0	16159.0	45.0	4.0
	229	230	231	232	233
Germ-P6S1-ACN-b_S185.ITS1.R2	3.0	37.0	16925.0	67.0	2.0
	227	228	229	230	231
Germ-P6S1-ACN-c_S186.ITS1.R1	4.0	748.0	14865.0	44.0	6.0
	229	230	231	232	233
Germ-P6S1-ACN-c_S186.ITS1.R2	1.0	46.0	15543.0	71.0	6.0
	227	228	229	230	231
Germ-P6S1-Chanvre-a_S235.ITS1.R1	12.0	710.0	11868.0	29.0	7.0
	229	230	231	232	233
Germ-P6S1-Chanvre-a_S235.ITS1.R2	1.0	18.0	12555.0	50.0	2.0
	227	228	229	230	231
Germ-P6S1-Chanvre-b_S236.ITS1.R1	8.0	785.0	16256.0	40.0	6.0
	230	231	232	233
Germ-P6S1-Chanvre-b_S236.ITS1.R2	37.0	16996.0	58.0	4.0
	227	228	229	230	231
Germ-P6S1-Chanvre-c_S237.ITS1.R1	3.0	542.0	9803.0	24.0	4.0
	229	230	231	232	233
Germ-P6S1-Chanvre-c_S237.ITS1.R2	1.0	17.0	10306.0	50.0	2.0
	227	228	229	230	231
Germ-P6S1-Colza-a_S211.ITS1.R1	5.0	684.0	14194.0	34.0	8.0
	193	194	195	196	197	198	199	200	201	202	203	204	205	206	207	208	209	210	211	212	213	214	215	216	217	218	219	220	221	222	223	224	225	226	227	228	229	230	231	232	233
Germ-P6S1-Colza-a_S211.ITS1.R2	1.0	0.0	0.0	0.0	0.0	0.0	0.0	0.0	0.0	0.0	0.0	0.0	0.0	0.0	0.0	0.0	0.0	0.0	0.0	0.0	0.0	0.0	0.0	0.0	0.0	0.0	0.0	0.0	0.0	0.0	0.0	0.0	0.0	0.0	0.0	0.0	0.0	39.0	14822.0	61.0	2.0
	227	228	229	230	231
Germ-P6S1-Colza-b_S212.ITS1.R1	5.0	649.0	11982.0	28.0	10.0
	229	230	231	232	233
Germ-P6S1-Colza-b_S212.ITS1.R2	2.0	31.0	12575.0	65.0	1.0
	227	228	229	230	231
Germ-P6S1-Colza-c_S213.ITS1.R1	5.0	722.0	15599.0	51.0	8.0
	229	230	231	232	233
Germ-P6S1-Colza-c_S213.ITS1.R2	1.0	46.0	16262.0	74.0	2.0
	227	228	229	230	231
Germ-P6S1-Colza-myro-a_S214.ITS1.R1	9.0	622.0	12750.0	41.0	8.0
	229	230	231	232	233
Germ-P6S1-Colza-myro-a_S214.ITS1.R2	1.0	31.0	13337.0	60.0	1.0
	227	228	229	230	231
Germ-P6S1-Colza-myro-b_S215.ITS1.R1	7.0	537.0	11175.0	25.0	7.0
	229	230	231	232
Germ-P6S1-Colza-myro-b_S215.ITS1.R2	1.0	31.0	11671.0	48.0
	227	228	229	230	231
Germ-P6S1-Colza-myro-c_S216.ITS1.R1	6.0	768.0	15584.0	45.0	11.0
	229	230	231	232
Germ-P6S1-Colza-myro-c_S216.ITS1.R2	2.0	34.0	16306.0	72.0
	227	228	229	230	231
Germ-P6S1-GR24-a_S187.ITS1.R1	1.0	528.0	9016.0	33.0	3.0
	229	230	231	232	233
Germ-P6S1-GR24-a_S187.ITS1.R2	3.0	14.0	9522.0	41.0	1.0
	227	228	229	230	231
Germ-P6S1-GR24-b_S188.ITS1.R1	8.0	760.0	16516.0	45.0	6.0
	230	231	232	233
Germ-P6S1-GR24-b_S188.ITS1.R2	36.0	17231.0	65.0	3.0
	227	228	229	230	231
Germ-P6S1-GR24-c_S189.ITS1.R1	11.0	602.0	11871.0	36.0	3.0
	229	230	231	232	233
Germ-P6S1-GR24-c_S189.ITS1.R2	1.0	28.0	12446.0	47.0	1.0
	227	228	229	230	231
Germ-P6S1-Tabac-a_S238.ITS1.R1	10.0	547.0	11011.0	30.0	4.0
	193	194	195	196	197	198	199	200	201	202	203	204	205	206	207	208	209	210	211	212	213	214	215	216	217	218	219	220	221	222	223	224	225	226	227	228	229	230	231	232	233
Germ-P6S1-Tabac-a_S238.ITS1.R2	1.0	0.0	0.0	0.0	0.0	0.0	0.0	0.0	0.0	0.0	0.0	0.0	0.0	0.0	0.0	0.0	0.0	0.0	0.0	0.0	0.0	0.0	0.0	0.0	0.0	0.0	0.0	0.0	0.0	0.0	0.0	0.0	0.0	0.0	0.0	0.0	1.0	27.0	11523.0	46.0	4.0
	227	228	229	230	231
Germ-P6S1-Tabac-b_S239.ITS1.R1	10.0	422.0	8370.0	19.0	3.0
	229	230	231	232
Germ-P6S1-Tabac-b_S239.ITS1.R2	1.0	11.0	8763.0	49.0
	227	228	229	230	231
Germ-P6S1-Tabac-c_S240.ITS1.R1	6.0	564.0	10784.0	33.0	4.0
	229	230	231	232	233
Germ-P6S1-Tabac-c_S240.ITS1.R2	3.0	29.0	11322.0	35.0	2.0
	227	228	229	230	231
Seed-Control-a_S80.ITS1.R1	26.0	1265.0	22984.0	108.0	8.0
	229	230	231	232	233
Seed-Control-a_S80.ITS1.R2	10.0	66.0	23758.0	548.0	9.0
	227	228	229	230	231
Seed-H2O-a_S8.ITS1.R1	8.0	651.0	12582.0	72.0	14.0
	229	230	231	232	233
Seed-H2O-a_S8.ITS1.R2	6.0	35.0	12948.0	335.0	3.0
	227	228	229	230	231
Seed-H2O-b_S16.ITS1.R1	15.0	1097.0	15382.0	74.0	22.0
	229	230	231	232	233
Seed-H2O-b_S16.ITS1.R2	5.0	29.0	16287.0	264.0	5.0
	227	228	229	230	231	232
Seed-H2O-c_S24.ITS1.R1	15.0	959.0	14700.0	74.0	17.0	1.0
	229	230	231	232	233
Seed-H2O-c_S24.ITS1.R2	2.0	45.0	15400.0	306.0	13.0
	227	228	229	230	231
Seed-Mock-a_S79.ITS1.R1	5.0	582.0	11425.0	19.0	3.0
	229	230	231	232	233
Seed-Mock-a_S79.ITS1.R2	1.0	13.0	11957.0	61.0	2.0
	227	228	229	230	231
Seed-P1S1-a_S1.ITS1.R1	8.0	1117.0	23087.0	68.0	13.0
	230	231	232	233
Seed-P1S1-a_S1.ITS1.R2	54.0	24142.0	93.0	4.0
	227	228	229	230	231
Seed-P1S1-b_S9.ITS1.R1	8.0	879.0	17919.0	45.0	9.0
	230	231	232	233
Seed-P1S1-b_S9.ITS1.R2	41.0	18761.0	56.0	2.0
	227	228	229	230	231
Seed-P1S1-c_S17.ITS1.R1	11.0	1048.0	21599.0	70.0	14.0
	227	228	229	230	231	232	233
Seed-P1S1-c_S17.ITS1.R2	1.0	0.0	1.0	37.0	22631.0	68.0	4.0
	227	228	229	230	231
Seed-P1S2-a_S25.ITS1.R1	11.0	905.0	18160.0	34.0	2.0
	230	231	232	233
Seed-P1S2-a_S25.ITS1.R2	32.0	19009.0	68.0	3.0
	227	228	229	230	231
Seed-P1S2-b_S33.ITS1.R1	6.0	792.0	17639.0	47.0	8.0
	230	231	232	233
Seed-P1S2-b_S33.ITS1.R2	50.0	18383.0	54.0	5.0
	227	228	229	230	231
Seed-P1S2-c_S41.ITS1.R1	9.0	823.0	17233.0	38.0	6.0
	195	196	197	198	199	200	201	202	203	204	205	206	207	208	209	210	211	212	213	214	215	216	217	218	219	220	221	222	223	224	225	226	227	228	229	230	231	232	233
Seed-P1S2-c_S41.ITS1.R2	1.0	0.0	0.0	0.0	0.0	0.0	0.0	0.0	0.0	0.0	0.0	0.0	0.0	0.0	0.0	0.0	0.0	0.0	0.0	0.0	0.0	0.0	0.0	0.0	0.0	0.0	0.0	0.0	0.0	0.0	0.0	0.0	0.0	0.0	1.0	46.0	17992.0	64.0	5.0
	227	228	229	230	231
Seed-P1S3-a_S49.ITS1.R1	5.0	911.0	18663.0	40.0	14.0
	230	231	232	233
Seed-P1S3-a_S49.ITS1.R2	35.0	19526.0	69.0	3.0
	185	186	187	188	189	190	191	192	193	194	195	196	197	198	199	200	201	202	203	204	205	206	207	208	209	210	211	212	213	214	215	216	217	218	219	220	221	222	223	224	225	226	227	228	229	230	231
Seed-P1S3-b_S57.ITS1.R1	1.0	0.0	0.0	0.0	0.0	0.0	0.0	0.0	0.0	0.0	0.0	0.0	0.0	0.0	0.0	0.0	0.0	0.0	0.0	0.0	0.0	0.0	0.0	0.0	0.0	0.0	0.0	0.0	0.0	0.0	0.0	0.0	0.0	0.0	0.0	0.0	0.0	0.0	0.0	0.0	0.0	0.0	6.0	1172.0	24416.0	58.0	19.0
	229	230	231	232	233
Seed-P1S3-b_S57.ITS1.R2	2.0	58.0	25530.0	77.0	5.0
	227	228	229	230	231
Seed-P1S3-c_S65.ITS1.R1	12.0	1376.0	28053.0	74.0	16.0
	230	231	232	233
Seed-P1S3-c_S65.ITS1.R2	65.0	29364.0	95.0	7.0
	227	228	229	230	231
Seed-P1S4-a_S73.ITS1.R1	10.0	1015.0	20304.0	72.0	8.0
	230	231	232	233
Seed-P1S4-a_S73.ITS1.R2	43.0	21301.0	62.0	3.0
	227	228	229	230	231
Seed-P1S4-b_S81.ITS1.R1	11.0	1088.0	21217.0	70.0	10.0
	230	231	232	233
Seed-P1S4-b_S81.ITS1.R2	55.0	22250.0	88.0	3.0
	227	228	229	230	231
Seed-P1S4-c_S88.ITS1.R1	10.0	950.0	19921.0	52.0	11.0
	229	230	231	232	233
Seed-P1S4-c_S88.ITS1.R2	2.0	66.0	20814.0	60.0	2.0
	227	228	229	230	231
Seed-P2S1-a_S2.ITS1.R1	6.0	950.0	19604.0	60.0	7.0
	229	230	231	232	233
Seed-P2S1-a_S2.ITS1.R2	1.0	51.0	20500.0	69.0	6.0
	227	228	229	230	231
Seed-P2S1-b_S10.ITS1.R1	10.0	799.0	16181.0	49.0	6.0
	229	230	231	232	233
Seed-P2S1-b_S10.ITS1.R2	2.0	35.0	16957.0	48.0	3.0
	227	228	229	230	231
Seed-P2S1-c_S18.ITS1.R1	9.0	906.0	19622.0	63.0	10.0
	230	231	232	233
Seed-P2S1-c_S18.ITS1.R2	54.0	20480.0	75.0	1.0
	227	228	229	230	231
Seed-P2S2-a_S26.ITS1.R1	11.0	963.0	19379.0	51.0	6.0
	230	231	232	233
Seed-P2S2-a_S26.ITS1.R2	60.0	20273.0	71.0	6.0
	227	228	229	230	231
Seed-P2S2-b_S34.ITS1.R1	4.0	913.0	19519.0	42.0	8.0
	221	222	223	224	225	226	227	228	229	230	231	232	233
Seed-P2S2-b_S34.ITS1.R2	1.0	0.0	0.0	0.0	0.0	0.0	0.0	0.0	0.0	63.0	20350.0	67.0	5.0
	227	228	229	230	231
Seed-P2S2-c_S42.ITS1.R1	3.0	868.0	18440.0	52.0	14.0
	230	231	232	233
Seed-P2S2-c_S42.ITS1.R2	51.0	19247.0	75.0	4.0
	227	228	229	230	231
Seed-P2S3-a_S50.ITS1.R1	6.0	950.0	19222.0	69.0	8.0
	230	231	232	233
Seed-P2S3-a_S50.ITS1.R2	52.0	20133.0	68.0	2.0
	227	228	229	230	231
Seed-P2S3-b_S58.ITS1.R1	7.0	946.0	19932.0	54.0	7.0
	230	231	232	233
Seed-P2S3-b_S58.ITS1.R2	50.0	20811.0	84.0	1.0
	227	228	229	230	231
Seed-P2S3-c_S66.ITS1.R1	4.0	1046.0	21176.0	59.0	8.0
	196	197	198	199	200	201	202	203	204	205	206	207	208	209	210	211	212	213	214	215	216	217	218	219	220	221	222	223	224	225	226	227	228	229	230	231	232	233
Seed-P2S3-c_S66.ITS1.R2	1.0	0.0	0.0	0.0	0.0	0.0	0.0	0.0	0.0	0.0	0.0	0.0	0.0	0.0	0.0	0.0	0.0	0.0	0.0	0.0	0.0	0.0	0.0	0.0	0.0	0.0	0.0	0.0	0.0	0.0	0.0	0.0	0.0	0.0	56.0	22153.0	81.0	2.0
	227	228	229	230	231
Seed-P2S4-a_S74.ITS1.R1	15.0	1125.0	22209.0	72.0	12.0
	229	230	231	232	233
Seed-P2S4-a_S74.ITS1.R2	2.0	36.0	23314.0	76.0	5.0
	227	228	229	230	231
Seed-P2S4-b_S82.ITS1.R1	8.0	1001.0	19939.0	50.0	12.0
	230	231	232	233
Seed-P2S4-b_S82.ITS1.R2	34.0	20881.0	93.0	2.0
	227	228	229	230	231
Seed-P2S4-c_S89.ITS1.R1	4.0	1084.0	21885.0	63.0	14.0
	230	231	232	233
Seed-P2S4-c_S89.ITS1.R2	44.0	22905.0	96.0	5.0
	227	228	229	230	231
Seed-P3S1-a_S3.ITS1.R1	4.0	849.0	19317.0	68.0	6.0
	229	230	231	232	233
Seed-P3S1-a_S3.ITS1.R2	2.0	75.0	20087.0	74.0	6.0
	227	228	229	230	231
Seed-P3S1-b_S11.ITS1.R1	4.0	763.0	15412.0	54.0	4.0
	230	231	232
Seed-P3S1-b_S11.ITS1.R2	48.0	16149.0	40.0
	194	195	196	197	198	199	200	201	202	203	204	205	206	207	208	209	210	211	212	213	214	215	216	217	218	219	220	221	222	223	224	225	226	227	228	229	230	231
Seed-P3S1-c_S19.ITS1.R1	1.0	0.0	0.0	0.0	0.0	0.0	0.0	0.0	0.0	0.0	0.0	0.0	0.0	0.0	0.0	0.0	0.0	0.0	0.0	0.0	0.0	0.0	0.0	0.0	0.0	0.0	0.0	0.0	0.0	0.0	0.0	0.0	0.0	6.0	845.0	18281.0	52.0	14.0
	229	230	231	232	233
Seed-P3S1-c_S19.ITS1.R2	1.0	61.0	19086.0	48.0	3.0
	227	228	229	230	231
Seed-P3S2-a_S27.ITS1.R1	5.0	685.0	14779.0	39.0	7.0
	230	231	232	233
Seed-P3S2-a_S27.ITS1.R2	51.0	15422.0	40.0	2.0
	227	228	229	230	231
Seed-P3S2-b_S35.ITS1.R1	4.0	792.0	16687.0	59.0	8.0
	230	231	232
Seed-P3S2-b_S35.ITS1.R2	57.0	17438.0	55.0
	227	228	229	230	231
Seed-P3S2-c_S43.ITS1.R1	7.0	823.0	17353.0	48.0	10.0
	229	230	231	232	233
Seed-P3S2-c_S43.ITS1.R2	1.0	57.0	18130.0	51.0	2.0
	227	228	229	230	231
Seed-P3S3-a_S51.ITS1.R1	7.0	918.0	18815.0	54.0	6.0
	230	231	232	233
Seed-P3S3-a_S51.ITS1.R2	70.0	19665.0	63.0	2.0
	227	228	229	230	231
Seed-P3S3-b_S59.ITS1.R1	13.0	1091.0	22522.0	64.0	10.0
	230	231	232	233
Seed-P3S3-b_S59.ITS1.R2	65.0	23568.0	66.0	1.0
	227	228	229	230	231
Seed-P3S3-c_S67.ITS1.R1	10.0	950.0	20914.0	49.0	15.0
	230	231	232	233
Seed-P3S3-c_S67.ITS1.R2	77.0	21779.0	80.0	2.0
	227	228	229	230	231
Seed-P3S4-a_S75.ITS1.R1	4.0	760.0	15891.0	43.0	9.0
	230	231	232	233
Seed-P3S4-a_S75.ITS1.R2	48.0	16603.0	53.0	3.0
	227	228	229	230	231
Seed-P3S4-b_S83.ITS1.R1	8.0	904.0	19251.0	48.0	8.0
	230	231	232	233
Seed-P3S4-b_S83.ITS1.R2	88.0	20062.0	66.0	3.0
	227	228	229	230	231
Seed-P3S4-c_S90.ITS1.R1	10.0	1064.0	21474.0	62.0	15.0
	230	231	232	233
Seed-P3S4-c_S90.ITS1.R2	74.0	22463.0	83.0	5.0
	227	228	229	230	231
Seed-P3S5-a_S4.ITS1.R1	6.0	1118.0	22511.0	69.0	16.0
	229	230	231	232	233
Seed-P3S5-a_S4.ITS1.R2	1.0	83.0	23570.0	65.0	1.0
	227	228	229	230	231
Seed-P3S5-b_S12.ITS1.R1	11.0	915.0	19015.0	56.0	10.0
	230	231	232	233
Seed-P3S5-b_S12.ITS1.R2	48.0	19882.0	71.0	6.0
	227	228	229	230	231
Seed-P3S5-c_S20.ITS1.R1	11.0	859.0	17123.0	53.0	10.0
	230	231	232	233
Seed-P3S5-c_S20.ITS1.R2	52.0	17959.0	44.0	1.0
	227	228	229	230	231
Seed-P4S1-a_S28.ITS1.R1	9.0	814.0	16566.0	55.0	6.0
	230	231	232	233
Seed-P4S1-a_S28.ITS1.R2	46.0	17333.0	68.0	3.0
	227	228	229	230	231
Seed-P4S1-b_S36.ITS1.R1	6.0	830.0	18244.0	47.0	7.0
	229	230	231	232	233
Seed-P4S1-b_S36.ITS1.R2	3.0	46.0	19010.0	72.0	3.0
	227	228	229	230	231
Seed-P4S1-c_S44.ITS1.R1	5.0	810.0	16379.0	52.0	11.0
	230	231	232	233
Seed-P4S1-c_S44.ITS1.R2	34.0	17173.0	48.0	2.0
	227	228	229	230	231
Seed-P4S2-a_S52.ITS1.R1	9.0	912.0	19272.0	56.0	9.0
	189	190	191	192	193	194	195	196	197	198	199	200	201	202	203	204	205	206	207	208	209	210	211	212	213	214	215	216	217	218	219	220	221	222	223	224	225	226	227	228	229	230	231	232	233
Seed-P4S2-a_S52.ITS1.R2	1.0	0.0	0.0	0.0	0.0	0.0	0.0	0.0	0.0	0.0	0.0	0.0	0.0	0.0	0.0	0.0	0.0	0.0	0.0	0.0	0.0	0.0	0.0	0.0	0.0	0.0	0.0	0.0	0.0	0.0	0.0	0.0	0.0	0.0	0.0	0.0	0.0	0.0	0.0	0.0	0.0	37.0	20142.0	72.0	6.0
	227	228	229	230	231
Seed-P4S2-b_S60.ITS1.R1	10.0	952.0	19782.0	54.0	9.0
	229	230	231	232	233
Seed-P4S2-b_S60.ITS1.R2	1.0	33.0	20699.0	70.0	4.0
	227	228	229	230	231
Seed-P4S2-c_S68.ITS1.R1	10.0	1196.0	24617.0	65.0	11.0
	230	231	232	233
Seed-P4S2-c_S68.ITS1.R2	52.0	25742.0	100.0	5.0
	227	228	229	230	231
Seed-P4S3-a_S76.ITS1.R1	8.0	926.0	18064.0	59.0	16.0
	230	231	232	233
Seed-P4S3-a_S76.ITS1.R2	39.0	18957.0	75.0	2.0
	227	228	229	230	231
Seed-P4S3-b_S84.ITS1.R1	8.0	962.0	19390.0	45.0	7.0
	229	230	231	232	233
Seed-P4S3-b_S84.ITS1.R2	1.0	48.0	20300.0	60.0	3.0
	227	228	229	230	231
Seed-P4S3-c_S91.ITS1.R1	9.0	1219.0	25745.0	91.0	8.0
	230	231	232
Seed-P4S3-c_S91.ITS1.R2	69.0	26907.0	96.0
	227	228	229	230	231
Seed-P4S4-a_S5.ITS1.R1	11.0	662.0	16354.0	40.0	8.0
	229	230	231	232	233
Seed-P4S4-a_S5.ITS1.R2	1.0	37.0	16972.0	63.0	2.0
	227	228	229	230	231
Seed-P4S4-b_S13.ITS1.R1	8.0	706.0	15133.0	52.0	6.0
	230	231	232	233
Seed-P4S4-b_S13.ITS1.R2	45.0	15801.0	58.0	1.0
	227	228	229	230	231
Seed-P4S4-c_S21.ITS1.R1	6.0	819.0	17521.0	48.0	11.0
	230	231	232	233
Seed-P4S4-c_S21.ITS1.R2	46.0	18280.0	74.0	5.0
	227	228	229	230	231
Seed-P5S1-a_S29.ITS1.R1	9.0	778.0	17198.0	55.0	11.0
	229	230	231	232	233
Seed-P5S1-a_S29.ITS1.R2	2.0	46.0	17935.0	67.0	1.0
	227	228	229	230	231
Seed-P5S1-b_S37.ITS1.R1	9.0	793.0	17141.0	62.0	4.0
	230	231	232	233
Seed-P5S1-b_S37.ITS1.R2	42.0	17907.0	57.0	3.0
	208	209	210	211	212	213	214	215	216	217	218	219	220	221	222	223	224	225	226	227	228	229	230	231
Seed-P5S1-c_S45.ITS1.R1	1.0	0.0	0.0	0.0	0.0	0.0	0.0	0.0	0.0	0.0	0.0	0.0	0.0	0.0	0.0	0.0	0.0	0.0	0.0	10.0	794.0	17974.0	53.0	7.0
	229	230	231	232	233
Seed-P5S1-c_S45.ITS1.R2	1.0	46.0	18714.0	74.0	4.0
	227	228	229	230	231
Seed-P5S2-a_S53.ITS1.R1	9.0	980.0	20545.0	59.0	12.0
	229	230	231	232	233
Seed-P5S2-a_S53.ITS1.R2	1.0	64.0	21465.0	72.0	3.0
	227	228	229	230	231
Seed-P5S2-b_S61.ITS1.R1	8.0	839.0	18238.0	54.0	12.0
	229	230	231	232	233
Seed-P5S2-b_S61.ITS1.R2	2.0	56.0	19028.0	62.0	3.0
	227	228	229	230	231
Seed-P5S2-c_S69.ITS1.R1	5.0	869.0	18572.0	51.0	9.0
	229	230	231	232	233
Seed-P5S2-c_S69.ITS1.R2	1.0	55.0	19382.0	65.0	3.0
	227	228	229	230	231
Seed-P6S1-a_S77.ITS1.R1	10.0	903.0	20375.0	58.0	8.0
	230	231	232	233
Seed-P6S1-a_S77.ITS1.R2	60.0	21237.0	56.0	1.0
	227	228	229	230	231
Seed-P6S1-b_S85.ITS1.R1	5.0	824.0	18641.0	51.0	4.0
	230	231	232	233
Seed-P6S1-b_S85.ITS1.R2	49.0	19408.0	67.0	1.0
	227	228	229	230	231
Seed-P6S1-c_S92.ITS1.R1	7.0	1043.0	22456.0	83.0	13.0
	230	231	232	233
Seed-P6S1-c_S92.ITS1.R2	58.0	23480.0	61.0	3.0
	227	228	229	230	231
Seed-P6S2-a_S6.ITS1.R1	6.0	860.0	18876.0	45.0	11.0
	230	231	232	233
Seed-P6S2-a_S6.ITS1.R2	57.0	19666.0	69.0	6.0
	227	228	229	230	231
Seed-P6S2-b_S14.ITS1.R1	7.0	786.0	16217.0	46.0	16.0
	229	230	231	232	233
Seed-P6S2-b_S14.ITS1.R2	1.0	47.0	16963.0	60.0	1.0
	227	228	229	230	231
Seed-P6S2-c_S22.ITS1.R1	5.0	990.0	19892.0	61.0	7.0
	230	231	232	233
Seed-P6S2-c_S22.ITS1.R2	46.0	20845.0	62.0	2.0
	227	228	229	230	231
Seed-P6S3-a_S30.ITS1.R1	27.0	3039.0	61375.0	164.0	41.0
	230	231	232	233
Seed-P6S3-a_S30.ITS1.R2	163.0	64256.0	217.0	10.0
	227	228	229	230	231
Seed-P6S3-b_S38.ITS1.R1	8.0	873.0	18308.0	53.0	17.0
	229	230	231	232	233
Seed-P6S3-b_S38.ITS1.R2	1.0	49.0	19144.0	63.0	2.0
	227	228	229	230	231
Seed-P6S3-c_S46.ITS1.R1	5.0	767.0	16203.0	52.0	14.0
	230	231	232	233
Seed-P6S3-c_S46.ITS1.R2	46.0	16938.0	56.0	1.0
	227	228	229	230	231
Seed-P7S1-a_S54.ITS1.R1	7.0	922.0	19691.0	55.0	14.0
	230	231	232	233
Seed-P7S1-a_S54.ITS1.R2	39.0	20562.0	86.0	2.0
	227	228	229	230	231
Seed-P7S1-b_S62.ITS1.R1	12.0	847.0	17471.0	61.0	6.0
	229	230	231	232	233
Seed-P7S1-b_S62.ITS1.R2	2.0	44.0	18278.0	70.0	3.0
	227	228	229	230	231
Seed-P7S1-c_S70.ITS1.R1	17.0	1074.0	22039.0	61.0	15.0
	230	231	232	233
Seed-P7S1-c_S70.ITS1.R2	39.0	23102.0	63.0	2.0
	227	228	229	230	231
Seed-P7S2-a_S78.ITS1.R1	7.0	1013.0	20420.0	54.0	7.0
	192	193	194	195	196	197	198	199	200	201	202	203	204	205	206	207	208	209	210	211	212	213	214	215	216	217	218	219	220	221	222	223	224	225	226	227	228	229	230	231	232	233
Seed-P7S2-a_S78.ITS1.R2	1.0	0.0	0.0	0.0	0.0	0.0	0.0	0.0	0.0	0.0	0.0	0.0	0.0	0.0	0.0	0.0	0.0	0.0	0.0	0.0	0.0	0.0	0.0	0.0	0.0	0.0	0.0	0.0	0.0	0.0	0.0	0.0	0.0	0.0	0.0	0.0	0.0	0.0	52.0	21377.0	68.0	3.0
	227	228	229	230	231
Seed-P7S2-b_S86.ITS1.R1	8.0	846.0	17763.0	54.0	12.0
	230	231	232	233
Seed-P7S2-b_S86.ITS1.R2	31.0	18582.0	66.0	4.0
	227	228	229	230	231
Seed-P7S2-c_S93.ITS1.R1	11.0	1021.0	21244.0	61.0	10.0
	229	230	231	232	233
Seed-P7S2-c_S93.ITS1.R2	1.0	45.0	22228.0	69.0	4.0
	227	228	229	230	231
Seed-P7S3-a_S7.ITS1.R1	7.0	662.0	15694.0	47.0	6.0
	229	230	231	232	233
Seed-P7S3-a_S7.ITS1.R2	1.0	51.0	16289.0	74.0	1.0
	227	228	229	230	231
Seed-P7S3-b_S15.ITS1.R1	15.0	779.0	16784.0	49.0	6.0
	230	231	232	233
Seed-P7S3-b_S15.ITS1.R2	52.0	17517.0	62.0	2.0
	227	228	229	230	231
Seed-P7S3-c_S23.ITS1.R1	13.0	842.0	18029.0	59.0	10.0
	230	231	232	233
Seed-P7S3-c_S23.ITS1.R2	36.0	18830.0	81.0	6.0
	227	228	229	230	231
Seed-P7S4-a_S31.ITS1.R1	9.0	920.0	20434.0	61.0	8.0
	229	230	231	232	233
Seed-P7S4-a_S31.ITS1.R2	1.0	52.0	21293.0	81.0	5.0
	210	211	212	213	214	215	216	217	218	219	220	221	222	223	224	225	226	227	228	229	230	231
Seed-P7S4-b_S39.ITS1.R1	1.0	0.0	0.0	0.0	0.0	0.0	0.0	0.0	0.0	0.0	0.0	0.0	0.0	0.0	0.0	0.0	0.0	10.0	824.0	16778.0	54.0	6.0
	230	231	232	233
Seed-P7S4-b_S39.ITS1.R2	53.0	17551.0	66.0	3.0
	227	228	229	230	231
Seed-P7S4-c_S47.ITS1.R1	5.0	764.0	16919.0	40.0	6.0
	229	230	231	232	233
Seed-P7S4-c_S47.ITS1.R2	2.0	34.0	17644.0	48.0	6.0
	227	228	229	230	231
Seed-PBS-a_S55.ITS1.R1	24.0	1093.0	18361.0	72.0	28.0
	229	230	231	232	233
Seed-PBS-a_S55.ITS1.R2	2.0	44.0	19395.0	129.0	8.0
	227	228	229	230	231
Seed-PBS-b_S63.ITS1.R1	8.0	719.0	14896.0	66.0	14.0
	230	231	232	233
Seed-PBS-b_S63.ITS1.R2	48.0	15482.0	168.0	5.0
	227	228	229	230	231
Seed-PBS-c_S71.ITS1.R1	15.0	920.0	17178.0	77.0	19.0
	229	230	231	232	233
Seed-PBS-c_S71.ITS1.R2	3.0	45.0	17979.0	179.0	3.0
	227	228	229	230	231
Seed-Pram-120-a_S32.ITS1.R1	11.0	873.0	16427.0	52.0	11.0
	230	231	232	233
Seed-Pram-120-a_S32.ITS1.R2	28.0	17287.0	57.0	2.0
	227	228	229	230	231
Seed-Pram-120-b_S40.ITS1.R1	6.0	758.0	15316.0	42.0	7.0
	229	230	231	232	233
Seed-Pram-120-b_S40.ITS1.R2	1.0	34.0	16019.0	74.0	1.0
	227	228	229	230	231
Seed-Pram-120-c_S48.ITS1.R1	11.0	810.0	16762.0	52.0	6.0
	230	231	232	233
Seed-Pram-120-c_S48.ITS1.R2	36.0	17535.0	69.0	1.0
	227	228	229	230	231
Seed-Pram-120-d-a_S56.ITS1.R1	59.0	1128.0	18464.0	123.0	78.0
	229	230	231	232	233
Seed-Pram-120-d-a_S56.ITS1.R2	10.0	74.0	19417.0	337.0	14.0
	227	228	229	230	231	232
Seed-Pram-120-d-b_S64.ITS1.R1	10.0	892.0	16496.0	72.0	26.0	1.0
	229	230	231	232	233
Seed-Pram-120-d-b_S64.ITS1.R2	4.0	48.0	17158.0	278.0	9.0
	180	182	184	186	188	190	192	194	196	198	200	202	204	206	208	210	212	214	216	218	220	222	224	226	228	230
Seed-Pram-120-d-c_S72.ITS1.R1	1.0	0.0	0.0	0.0	0.0	0.0	0.0	0.0	0.0	0.0	0.0	0.0	0.0	0.0	0.0	0.0	0.0	0.0	0.0	0.0	0.0	0.0	0.0	63.0	22808.0	342.0
	195	196	197	198	199	200	201	202	203	204	205	206	207	208	209	210	211	212	213	214	215	216	217	218	219	220	221	222	223	224	225	226	227	228	229	230	231	232	233
Seed-Pram-120-d-c_S72.ITS1.R2	1.0	0.0	0.0	0.0	0.0	0.0	0.0	0.0	0.0	0.0	0.0	0.0	0.0	0.0	0.0	0.0	0.0	0.0	0.0	0.0	0.0	0.0	0.0	0.0	0.0	0.0	0.0	0.0	0.0	0.0	0.0	0.0	0.0	0.0	66.0	80.0	22567.0	487.0	13.0
	227	228	229	230	231
Soil-Control-a_S154.ITS1.R1	14.0	1494.0	18823.0	82.0	8.0
	229	230	231	232	233
Soil-Control-a_S154.ITS1.R2	1.0	54.0	20273.0	88.0	5.0
	227	228	229	230	231
Soil-Mock-a_S136.ITS1.R1	8.0	701.0	13169.0	34.0	6.0
	229	230	231	232	233
Soil-Mock-a_S136.ITS1.R2	3.0	10.0	13830.0	72.0	3.0
	227	228	229	230	231
Soil-P2S1-a_S95.ITS1.R1	6.0	695.0	15788.0	43.0	11.0
	229	230	231	232	233
Soil-P2S1-a_S95.ITS1.R2	3.0	44.0	16442.0	53.0	1.0
	227	228	229	230	231
Soil-P2S1-b_S101.ITS1.R1	9.0	801.0	17364.0	53.0	9.0
	229	230	231	232	233
Soil-P2S1-b_S101.ITS1.R2	3.0	42.0	18123.0	67.0	1.0
	227	228	229	230	231
Soil-P2S1-c_S107.ITS1.R1	28.0	1542.0	15439.0	75.0	51.0
	229	230	231	232	233
Soil-P2S1-c_S107.ITS1.R2	1.0	31.0	17038.0	60.0	5.0
	227	228	229	230	231
Soil-P2S2-a_S113.ITS1.R1	4.0	731.0	15630.0	45.0	7.0
	230	231	232	233
Soil-P2S2-a_S113.ITS1.R2	38.0	16339.0	38.0	2.0
	227	228	229	230	231
Soil-P2S2-b_S119.ITS1.R1	12.0	723.0	15383.0	33.0	7.0
	230	231	232	233
Soil-P2S2-b_S119.ITS1.R2	35.0	16068.0	53.0	2.0
	227	228	229	230	231
Soil-P2S2-c_S125.ITS1.R1	7.0	649.0	14231.0	47.0	9.0
	229	230	231	232	233
Soil-P2S2-c_S125.ITS1.R2	2.0	25.0	14871.0	41.0	4.0
	227	228	229	230	231
Soil-P2S3-a_S131.ITS1.R1	6.0	803.0	16807.0	39.0	11.0
	229	230	231	232	233
Soil-P2S3-a_S131.ITS1.R2	4.0	33.0	17556.0	72.0	1.0
	219	220	221	222	223	224	225	226	227	228	229	230	231
Soil-P2S3-b_S137.ITS1.R1	1.0	0.0	0.0	0.0	0.0	0.0	0.0	0.0	3.0	746.0	17002.0	47.0	4.0
	230	231	232	233
Soil-P2S3-b_S137.ITS1.R2	34.0	17697.0	70.0	2.0
	227	228	229	230	231
Soil-P2S3-c_S143.ITS1.R1	13.0	786.0	16498.0	46.0	9.0
	229	230	231	232	233
Soil-P2S3-c_S143.ITS1.R2	1.0	36.0	17256.0	58.0	1.0
	203	204	205	206	207	208	209	210	211	212	213	214	215	216	217	218	219	220	221	222	223	224	225	226	227	228	229	230	231
Soil-P2S4-a_S149.ITS1.R1	1.0	0.0	0.0	0.0	0.0	0.0	0.0	0.0	0.0	0.0	0.0	0.0	0.0	0.0	0.0	0.0	0.0	0.0	0.0	0.0	0.0	0.0	0.0	0.0	6.0	803.0	17377.0	43.0	7.0
	229	230	231	232	233
Soil-P2S4-a_S149.ITS1.R2	1.0	49.0	18127.0	58.0	2.0
	227	228	229	230	231
Soil-P2S4-b_S155.ITS1.R1	9.0	868.0	17869.0	52.0	6.0
	230	231	232	233
Soil-P2S4-b_S155.ITS1.R2	50.0	18686.0	66.0	2.0
	227	228	229	230	231
Soil-P2S4-c_S160.ITS1.R1	6.0	880.0	20182.0	53.0	9.0
	230	231	232	233
Soil-P2S4-c_S160.ITS1.R2	61.0	20995.0	72.0	2.0
	227	228	229	230	231
Soil-P3S1-a_S96.ITS1.R1	5.0	719.0	15006.0	36.0	16.0
	230	231	232	233
Soil-P3S1-a_S96.ITS1.R2	32.0	15691.0	57.0	2.0
	227	228	229	230	231
Soil-P3S1-b_S102.ITS1.R1	4.0	771.0	15617.0	53.0	9.0
	229	230	231	232	233
Soil-P3S1-b_S102.ITS1.R2	2.0	29.0	16354.0	66.0	3.0
	227	228	229	230	231
Soil-P3S1-c_S108.ITS1.R1	2.0	840.0	16194.0	49.0	10.0
	229	230	231	232	233
Soil-P3S1-c_S108.ITS1.R2	2.0	37.0	17000.0	55.0	1.0
	227	228	229	230	231
Soil-P3S2-a_S114.ITS1.R1	8.0	756.0	14663.0	42.0	9.0
	230	231	232	233
Soil-P3S2-a_S114.ITS1.R2	35.0	15384.0	56.0	3.0
	227	228	229	230	231
Soil-P3S2-b_S120.ITS1.R1	7.0	794.0	16278.0	40.0	7.0
	229	230	231	232	233
Soil-P3S2-b_S120.ITS1.R2	2.0	47.0	17022.0	53.0	2.0
	227	228	229	230	231
Soil-P3S2-c_S126.ITS1.R1	3.0	715.0	14757.0	34.0	7.0
	229	230	231	232
Soil-P3S2-c_S126.ITS1.R2	1.0	44.0	15409.0	62.0
	227	228	229	230	231
Soil-P3S3-a_S132.ITS1.R1	9.0	933.0	18689.0	62.0	12.0
	230	231	232	233
Soil-P3S3-a_S132.ITS1.R2	38.0	19587.0	76.0	4.0
	227	228	229	230	231
Soil-P3S3-b_S138.ITS1.R1	11.0	952.0	19521.0	54.0	6.0
	229	230	231	232	233
Soil-P3S3-b_S138.ITS1.R2	2.0	48.0	20423.0	69.0	2.0
	227	228	229	230	231
Soil-P3S3-c_S144.ITS1.R1	21.0	880.0	14150.0	96.0	42.0
	229	230	231	232	233
Soil-P3S3-c_S144.ITS1.R2	2.0	26.0	15087.0	65.0	9.0
	227	228	229	230	231
Soil-P3S4-a_S150.ITS1.R1	26.0	969.0	15253.0	104.0	50.0
	229	230	231	232	233
Soil-P3S4-a_S150.ITS1.R2	3.0	54.0	16257.0	77.0	11.0
	227	228	229	230	231
Soil-P3S4-b_S156.ITS1.R1	6.0	839.0	15186.0	44.0	3.0
	230	231	232	233
Soil-P3S4-b_S156.ITS1.R2	39.0	15988.0	50.0	1.0
	227	228	229	230	231
Soil-P3S4-c_S161.ITS1.R1	12.0	890.0	18126.0	59.0	11.0
	230	231	232	233
Soil-P3S4-c_S161.ITS1.R2	43.0	18981.0	73.0	1.0
	227	228	229	230	231
Soil-P3S5-a_S97.ITS1.R1	4.0	524.0	8965.0	31.0	7.0
	229	230	231	232	233
Soil-P3S5-a_S97.ITS1.R2	2.0	16.0	9451.0	60.0	2.0
	227	228	229	230	231
Soil-P3S5-b_S103.ITS1.R1	13.0	1083.0	16249.0	52.0	9.0
	229	230	231	232	233
Soil-P3S5-b_S103.ITS1.R2	42.0	42.0	17245.0	70.0	7.0
	227	228	229	230	231
Soil-P3S5-c_S109.ITS1.R1	8.0	1011.0	15274.0	62.0	12.0
	230	231	232	233
Soil-P3S5-c_S109.ITS1.R2	31.0	16280.0	53.0	3.0
	227	228	229	230	231
Soil-P4S1-a_S115.ITS1.R1	6.0	745.0	14408.0	38.0	8.0
	196	197	198	199	200	201	202	203	204	205	206	207	208	209	210	211	212	213	214	215	216	217	218	219	220	221	222	223	224	225	226	227	228	229	230	231	232	233
Soil-P4S1-a_S115.ITS1.R2	1.0	0.0	0.0	0.0	0.0	0.0	0.0	0.0	0.0	0.0	0.0	0.0	0.0	0.0	0.0	0.0	0.0	0.0	0.0	0.0	0.0	0.0	0.0	0.0	0.0	0.0	0.0	0.0	0.0	0.0	0.0	0.0	0.0	2.0	33.0	15124.0	41.0	4.0
	227	228	229	230	231
Soil-P4S1-b_S121.ITS1.R1	5.0	758.0	14783.0	37.0	11.0
	229	230	231	232
Soil-P4S1-b_S121.ITS1.R2	1.0	28.0	15489.0	76.0
	227	228	229	230	231
Soil-P4S1-c_S127.ITS1.R1	13.0	820.0	14937.0	47.0	9.0
	230	231	232	233
Soil-P4S1-c_S127.ITS1.R2	42.0	15735.0	46.0	3.0
	227	228	229	230	231
Soil-P4S2-a_S133.ITS1.R1	10.0	793.0	15949.0	47.0	2.0
	229	230	231	232	233
Soil-P4S2-a_S133.ITS1.R2	3.0	21.0	16699.0	77.0	1.0
	227	228	229	230	231
Soil-P4S2-b_S139.ITS1.R1	12.0	1050.0	16667.0	65.0	20.0
	229	230	231	232	233
Soil-P4S2-b_S139.ITS1.R2	3.0	38.0	17684.0	83.0	6.0
	227	228	229	230	231
Soil-P4S2-c_S145.ITS1.R1	5.0	853.0	17031.0	45.0	9.0
	229	230	231	232	233
Soil-P4S2-c_S145.ITS1.R2	4.0	31.0	17828.0	76.0	4.0
	227	228	229	230	231
Soil-P4S3-a_S151.ITS1.R1	7.0	941.0	15445.0	49.0	13.0
	229	230	231	232	233
Soil-P4S3-a_S151.ITS1.R2	4.0	30.0	16367.0	49.0	5.0
	227	228	229	230	231
Soil-P4S3-b_S157.ITS1.R1	22.0	1012.0	16699.0	55.0	21.0
	229	230	231	232	233
Soil-P4S3-b_S157.ITS1.R2	3.0	47.0	17688.0	64.0	7.0
	227	228	229	230	231
Soil-P4S3-c_S162.ITS1.R1	15.0	1094.0	18842.0	46.0	7.0
	229	230	231	232	233
Soil-P4S3-c_S162.ITS1.R2	5.0	41.0	19888.0	69.0	1.0
	227	228	229	230	231
Soil-P4S4-a_S98.ITS1.R1	10.0	1036.0	16788.0	62.0	19.0
	229	230	231	232	233
Soil-P4S4-a_S98.ITS1.R2	1.0	46.0	17766.0	98.0	4.0
	227	228	229	230	231
Soil-P4S4-b_S104.ITS1.R1	16.0	900.0	16297.0	75.0	15.0
	229	230	231	232	233
Soil-P4S4-b_S104.ITS1.R2	2.0	35.0	17201.0	58.0	7.0
	227	228	229	230	231
Soil-P4S4-c_S110.ITS1.R1	16.0	782.0	14452.0	41.0	14.0
	230	231	232	233
Soil-P4S4-c_S110.ITS1.R2	28.0	15202.0	74.0	1.0
	227	228	229	230	231
Soil-P5S1-a_S116.ITS1.R1	9.0	812.0	14798.0	49.0	8.0
	229	230	231	232	233
Soil-P5S1-a_S116.ITS1.R2	2.0	47.0	15562.0	63.0	2.0
	227	228	229	230	231
Soil-P5S1-b_S122.ITS1.R1	4.0	776.0	14729.0	46.0	3.0
	229	230	231	232	233
Soil-P5S1-b_S122.ITS1.R2	4.0	36.0	15465.0	51.0	2.0
	227	228	229	230	231
Soil-P5S1-c_S128.ITS1.R1	22.0	796.0	13112.0	50.0	18.0
	229	230	231	232	233
Soil-P5S1-c_S128.ITS1.R2	2.0	43.0	13900.0	49.0	4.0
	227	228	229	230	231
Soil-P5S2-a_S134.ITS1.R1	15.0	873.0	16223.0	54.0	13.0
	229	230	231	232	233
Soil-P5S2-a_S134.ITS1.R2	5.0	41.0	17061.0	68.0	3.0
	227	228	229	230	231
Soil-P5S2-b_S140.ITS1.R1	15.0	959.0	15979.0	43.0	15.0
	229	230	231	232	233
Soil-P5S2-b_S140.ITS1.R2	3.0	40.0	16899.0	64.0	5.0
	227	228	229	230	231
Soil-P5S2-c_S146.ITS1.R1	8.0	925.0	16421.0	44.0	7.0
	230	231	232
Soil-P5S2-c_S146.ITS1.R2	37.0	17304.0	64.0
	227	228	229	230	231
Soil-P6S1-a_S152.ITS1.R1	17.0	1180.0	13505.0	51.0	17.0
	230	231	232	233
Soil-P6S1-a_S152.ITS1.R2	36.0	14662.0	69.0	3.0
	227	228	229	230	231
Soil-P6S1-b_S158.ITS1.R1	8.0	846.0	14044.0	50.0	10.0
	229	230	231	232	233
Soil-P6S1-b_S158.ITS1.R2	1.0	45.0	14836.0	72.0	4.0
	198	199	200	201	202	203	204	205	206	207	208	209	210	211	212	213	214	215	216	217	218	219	220	221	222	223	224	225	226	227	228	229	230	231
Soil-P6S1-c_S163.ITS1.R1	1.0	0.0	0.0	0.0	0.0	0.0	0.0	0.0	0.0	0.0	0.0	0.0	0.0	0.0	0.0	0.0	0.0	0.0	0.0	0.0	0.0	0.0	0.0	0.0	0.0	0.0	0.0	0.0	0.0	17.0	1256.0	19054.0	73.0	12.0
	229	230	231	232	233
Soil-P6S1-c_S163.ITS1.R2	3.0	59.0	20256.0	92.0	3.0
	227	228	229	230	231
Soil-P6S2-a_S99.ITS1.R1	9.0	789.0	15873.0	52.0	13.0
	229	230	231	232	233
Soil-P6S2-a_S99.ITS1.R2	2.0	34.0	16633.0	65.0	2.0
	227	228	229	230	231
Soil-P6S2-b_S105.ITS1.R1	12.0	896.0	16078.0	73.0	11.0
	229	230	231	232	233
Soil-P6S2-b_S105.ITS1.R2	2.0	28.0	16971.0	66.0	3.0
	227	228	229	230	231
Soil-P6S2-c_S111.ITS1.R1	5.0	746.0	13495.0	44.0	17.0
	229	230	231	232
Soil-P6S2-c_S111.ITS1.R2	3.0	18.0	14219.0	67.0
	227	228	229	230	231
Soil-P6S3-a_S117.ITS1.R1	21.0	839.0	15391.0	45.0	11.0
	229	230	231	232	233
Soil-P6S3-a_S117.ITS1.R2	1.0	35.0	16205.0	65.0	1.0
	227	228	229	230	231
Soil-P6S3-b_S123.ITS1.R1	7.0	741.0	13027.0	38.0	11.0
	229	230	231	232	233
Soil-P6S3-b_S123.ITS1.R2	3.0	34.0	13734.0	52.0	1.0
	227	228	229	230	231
Soil-P6S3-c_S129.ITS1.R1	11.0	986.0	15837.0	59.0	7.0
	230	231	232	233
Soil-P6S3-c_S129.ITS1.R2	32.0	16804.0	59.0	5.0
	227	228	229	230	231
Soil-P7S1-a_S135.ITS1.R1	13.0	918.0	19424.0	50.0	15.0
	229	230	231	232	233
Soil-P7S1-a_S135.ITS1.R2	1.0	36.0	20305.0	75.0	3.0
	227	228	229	230	231
Soil-P7S1-b_S141.ITS1.R1	6.0	815.0	16682.0	38.0	7.0
	229	230	231	232	233
Soil-P7S1-b_S141.ITS1.R2	1.0	34.0	17457.0	50.0	6.0
	227	228	229	230	231
Soil-P7S1-c_S147.ITS1.R1	12.0	949.0	19279.0	56.0	7.0
	229	230	231	232	233
Soil-P7S1-c_S147.ITS1.R2	2.0	35.0	20182.0	80.0	4.0
	227	228	229	230	231
Soil-P7S2-a_S153.ITS1.R1	6.0	696.0	12861.0	29.0	4.0
	230	231	232	233
Soil-P7S2-a_S153.ITS1.R2	16.0	13531.0	47.0	2.0
	227	228	229	230	231
Soil-P7S2-b_S159.ITS1.R1	4.0	816.0	15476.0	46.0	9.0
	229	230	231	232	233
Soil-P7S2-b_S159.ITS1.R2	1.0	35.0	16234.0	77.0	4.0
	227	228	229	230	231
Soil-P7S2-c_S164.ITS1.R1	14.0	989.0	19103.0	62.0	18.0
	196	197	198	199	200	201	202	203	204	205	206	207	208	209	210	211	212	213	214	215	216	217	218	219	220	221	222	223	224	225	226	227	228	229	230	231	232	233
Soil-P7S2-c_S164.ITS1.R2	1.0	0.0	0.0	0.0	0.0	0.0	0.0	0.0	0.0	0.0	0.0	0.0	0.0	0.0	0.0	0.0	0.0	0.0	0.0	0.0	0.0	0.0	0.0	0.0	0.0	0.0	0.0	0.0	0.0	0.0	0.0	0.0	0.0	5.0	38.0	20050.0	88.0	4.0
	227	228	229	230	231
Soil-P7S3-a_S100.ITS1.R1	3.0	643.0	11714.0	47.0	6.0
	229	230	231	232	233
Soil-P7S3-a_S100.ITS1.R2	1.0	14.0	12336.0	57.0	5.0
	227	228	229	230	231
Soil-P7S3-b_S106.ITS1.R1	6.0	609.0	12182.0	35.0	7.0
	229	230	231	232
Soil-P7S3-b_S106.ITS1.R2	3.0	27.0	12752.0	57.0
	227	228	229	230	231
Soil-P7S3-c_S112.ITS1.R1	11.0	762.0	15876.0	50.0	14.0
	229	230	231	232	233
Soil-P7S3-c_S112.ITS1.R2	1.0	30.0	16613.0	65.0	4.0
	227	228	229	230	231
Soil-P7S4-a_S118.ITS1.R1	9.0	754.0	15371.0	47.0	7.0
	230	231	232	233
Soil-P7S4-a_S118.ITS1.R2	28.0	16102.0	54.0	4.0
	227	228	229	230	231
Soil-P7S4-b_S124.ITS1.R1	6.0	828.0	17140.0	43.0	9.0
	229	230	231	232	233
Soil-P7S4-b_S124.ITS1.R2	1.0	32.0	17919.0	67.0	7.0
	227	228	229	230	231
Soil-P7S4-c_S130.ITS1.R1	5.0	952.0	19099.0	57.0	7.0
	229	230	231	232
Soil-P7S4-c_S130.ITS1.R2	2.0	44.0	19990.0	84.0

