Sample	FastQC_mqc-generalstats-fastqc-percent_duplicates	FastQC_mqc-generalstats-fastqc-percent_gc	FastQC_mqc-generalstats-fastqc-avg_sequence_length	FastQC_mqc-generalstats-fastqc-percent_fails	FastQC_mqc-generalstats-fastqc-total_sequences
Germ-Control-a_S190.ITS1.R1	82.28408085482883	48.0	228.96569795140542	54.54545454545454	14693.0
Germ-Control-a_S190.ITS1.R2	56.52351459878854	48.0	231.0024501463282	45.45454545454545	14693.0
Germ-Control-b_S197.ITS1.R1	84.62708358681104	49.0	228.92456503224236	45.45454545454545	16438.0
Germ-Control-b_S197.ITS1.R2	61.52208297846453	48.0	231.00182503954252	45.45454545454545	16438.0
Germ-Control-c_S204.ITS1.R1	84.19225634178905	47.0	228.95572763684913	54.54545454545454	18725.0
Germ-Control-c_S204.ITS1.R2	59.24165554072096	47.0	231.00192256341788	45.45454545454545	18725.0
Germ-Mock-a_S171.ITS1.R1	90.27412210310072	41.0	228.95345701996533	45.45454545454545	15577.0
Germ-Mock-a_S171.ITS1.R2	63.401168389291904	40.0	231.00353084676124	45.45454545454545	15577.0
Germ-P2S2-ACN-a_S165.ITS1.R1	82.35945380735637	43.0	228.95067043916842	45.45454545454545	16258.0
Germ-P2S2-ACN-a_S165.ITS1.R2	59.07860745479149	41.0	231.00313691720999	45.45454545454545	16258.0
Germ-P2S2-ACN-b_S166.ITS1.R1	79.17127071823205	44.0	228.94926335174955	45.45454545454545	10860.0
Germ-P2S2-ACN-b_S166.ITS1.R2	54.7329650092081	42.0	231.00193370165746	45.45454545454545	10860.0
Germ-P2S2-ACN-c_S167.ITS1.R1	85.10983524712931	45.0	228.9551922116825	45.45454545454545	16024.0
Germ-P2S2-ACN-c_S167.ITS1.R2	63.991512730903644	44.0	231.00156015976037	45.45454545454545	16024.0
Germ-P2S2-Chanvre-a_S217.ITS1.R1	82.27763304800894	47.0	228.95333085225158	45.45454545454545	13435.0
Germ-P2S2-Chanvre-a_S217.ITS1.R2	57.08969110532192	45.0	231.00282843319687	45.45454545454545	13435.0
Germ-P2S2-Chanvre-b_S218.ITS1.R1	82.07805546045874	47.0	228.9530126668949	45.45454545454545	11684.0
Germ-P2S2-Chanvre-b_S218.ITS1.R2	55.12666894899007	47.0	231.00265320095858	45.45454545454545	11684.0
Germ-P2S2-Chanvre-c_S219.ITS1.R1	80.9381917248425	46.0	228.95445257960156	45.45454545454545	11746.0
Germ-P2S2-Chanvre-c_S219.ITS1.R2	55.56785288608888	45.0	231.00323514387875	45.45454545454545	11746.0
Germ-P2S2-Colza-a_S191.ITS1.R1	80.92971870485255	46.0	228.95376901504207	45.45454545454545	11767.0
Germ-P2S2-Colza-a_S191.ITS1.R2	56.896405200985804	45.0	231.00365428741395	45.45454545454545	11767.0
Germ-P2S2-Colza-b_S192.ITS1.R1	79.02865468674113	47.0	228.9470616804274	45.45454545454545	10295.0
Germ-P2S2-Colza-b_S192.ITS1.R2	54.45361826129189	45.0	231.00339970859642	45.45454545454545	10295.0
Germ-P2S2-Colza-c_S193.ITS1.R1	78.98534878635469	47.0	228.95003280122458	45.45454545454545	9146.0
Germ-P2S2-Colza-c_S193.ITS1.R2	54.59217144106713	46.0	231.00382680953422	45.45454545454545	9146.0
Germ-P2S2-Colza-myro-a_S194.ITS1.R1	83.65498812351544	47.0	228.95702197149643	45.45454545454545	13472.0
Germ-P2S2-Colza-myro-a_S194.ITS1.R2	59.4269596199525	45.0	231.00282066508314	45.45454545454545	13472.0
Germ-P2S2-Colza-myro-b_S195.ITS1.R1	81.96101495546966	47.0	228.95538564947068	45.45454545454545	11902.0
Germ-P2S2-Colza-myro-b_S195.ITS1.R2	58.12468492690304	45.0	231.00210048731304	45.45454545454545	11902.0
Germ-P2S2-Colza-myro-c_S196.ITS1.R1	85.9626249456758	47.0	228.957658161048	45.45454545454545	16107.0
Germ-P2S2-Colza-myro-c_S196.ITS1.R2	63.83559942881977	46.0	231.00285590116098	45.45454545454545	16107.0
Germ-P2S2-GR24-a_S168.ITS1.R1	80.2460421498437	45.0	228.94695976605828	45.45454545454545	9917.0
Germ-P2S2-GR24-a_S168.ITS1.R2	53.39316325501664	43.0	231.00322678229304	45.45454545454545	9917.0
Germ-P2S2-GR24-b_S169.ITS1.R1	83.14948649676683	48.0	228.95340433624952	45.45454545454545	10516.0
Germ-P2S2-GR24-b_S169.ITS1.R2	54.67858501331305	47.0	231.0028527957398	45.45454545454545	10516.0
Germ-P2S2-GR24-c_S170.ITS1.R1	80.53222453222453	44.0	228.9485239085239	45.45454545454545	12025.0
Germ-P2S2-GR24-c_S170.ITS1.R2	56.45738045738046	43.0	231.00299376299375	45.45454545454545	12025.0
Germ-P2S2-Tabac-a_S220.ITS1.R1	80.96969696969697	45.0	228.95333333333335	45.45454545454545	11550.0
Germ-P2S2-Tabac-a_S220.ITS1.R2	55.238095238095234	43.0	231.00320346320348	45.45454545454545	11550.0
Germ-P2S2-Tabac-b_S221.ITS1.R1	84.31813075713323	47.0	228.95768741106866	45.45454545454545	13353.0
Germ-P2S2-Tabac-b_S221.ITS1.R2	60.802815846626224	45.0	231.0033700292069	45.45454545454545	13353.0
Germ-P2S2-Tabac-c_S222.ITS1.R1	81.80566801619433	46.0	228.95562753036438	45.45454545454545	12350.0
Germ-P2S2-Tabac-c_S222.ITS1.R2	57.27125506072874	45.0	231.0017004048583	45.45454545454545	12350.0
Germ-P3S2-ACN-a_S172.ITS1.R1	86.299076524275	45.0	228.9550683156019	45.45454545454545	18517.0
Germ-P3S2-ACN-a_S172.ITS1.R2	65.96640924555814	44.0	231.00108008856725	45.45454545454545	18517.0
Germ-P3S2-ACN-b_S173.ITS1.R1	84.7272158824449	45.0	228.95521338127247	45.45454545454545	12794.0
Germ-P3S2-ACN-b_S173.ITS1.R2	60.84883539158981	45.0	231.0014850711271	45.45454545454545	12794.0
Germ-P3S2-ACN-c_S174.ITS1.R1	85.96261069203017	44.0	228.95565759265332	45.45454545454545	15245.0
Germ-P3S2-ACN-c_S174.ITS1.R2	64.35552640209906	42.0	231.00150869137423	45.45454545454545	15245.0
Germ-P3S2-Chanvre-a_S223.ITS1.R1	83.288130185067	45.0	228.95524888321634	45.45454545454545	12536.0
Germ-P3S2-Chanvre-a_S223.ITS1.R2	63.32163369495852	44.0	231.001356094448	45.45454545454545	12536.0
Germ-P3S2-Chanvre-b_S224.ITS1.R1	83.90319174855844	46.0	228.95793064241047	45.45454545454545	12313.0
Germ-P3S2-Chanvre-b_S224.ITS1.R2	61.32542840899862	45.0	231.00162429952084	45.45454545454545	12313.0
Germ-P3S2-Chanvre-c_S225.ITS1.R1	85.92085235920852	45.0	228.95385360453852	45.45454545454545	14454.0
Germ-P3S2-Chanvre-c_S225.ITS1.R2	63.26968313269683	44.0	231.00242147502422	45.45454545454545	14454.0
Germ-P3S2-Colza-a_S198.ITS1.R1	86.30303030303031	44.0	228.95261183261184	45.45454545454545	17325.0
Germ-P3S2-Colza-a_S198.ITS1.R2	64.77344877344876	44.0	231.0017316017316	45.45454545454545	17325.0
Germ-P3S2-Colza-b_S199.ITS1.R1	86.97432298063988	45.0	228.95689302216763	45.45454545454545	17097.0
Germ-P3S2-Colza-b_S199.ITS1.R2	65.60215242440194	45.0	231.00134526525122	45.45454545454545	17097.0
Germ-P3S2-Colza-c_S200.ITS1.R1	86.8269534957292	45.0	228.9579879784878	45.45454545454545	15805.0
Germ-P3S2-Colza-c_S200.ITS1.R2	66.03606453653907	44.0	231.00113888010122	45.45454545454545	15805.0
Germ-P3S2-Colza-myro-a_S201.ITS1.R1	86.87825940671789	45.0	228.95598048561655	45.45454545454545	17833.0
Germ-P3S2-Colza-myro-a_S201.ITS1.R2	65.13205854315034	45.0	231.00229910839454	45.45454545454545	17833.0
Germ-P3S2-Colza-myro-b_S202.ITS1.R1	87.6933065753748	45.0	228.95490496989729	45.45454545454545	16942.0
Germ-P3S2-Colza-myro-b_S202.ITS1.R2	66.65682918191476	45.0	231.00011804981702	45.45454545454545	16942.0
Germ-P3S2-Colza-myro-c_S203.ITS1.R1	87.25707412799899	45.0	228.95771348990314	45.45454545454545	15797.0
Germ-P3S2-Colza-myro-c_S203.ITS1.R2	67.92428942204216	45.0	231.0020890042413	45.45454545454545	15797.0
Germ-P3S2-GR24-a_S175.ITS1.R1	83.99419359767744	45.0	228.95576438230574	45.45454545454545	13089.0
Germ-P3S2-GR24-a_S175.ITS1.R2	61.67774467109787	43.0	231.00160440064175	45.45454545454545	13089.0
Germ-P3S2-GR24-b_S176.ITS1.R1	84.54421111915681	44.0	228.95719687826858	45.45454545454545	12429.0
Germ-P3S2-GR24-b_S176.ITS1.R2	62.378308793949635	41.0	231.00257462386355	45.45454545454545	12429.0
Germ-P3S2-GR24-c_S177.ITS1.R1	86.90344782806311	46.0	228.9537692357639	45.45454545454545	15401.0
Germ-P3S2-GR24-c_S177.ITS1.R2	67.17096292448542	45.0	231.00129861697292	45.45454545454545	15401.0
Germ-P3S2-Tabac-a_S226.ITS1.R1	85.57170016295491	45.0	228.9575638240087	45.45454545454545	14728.0
Germ-P3S2-Tabac-a_S226.ITS1.R2	63.66105377512222	44.0	231.00033948940793	45.45454545454545	14728.0
Germ-P3S2-Tabac-b_S227.ITS1.R1	86.57396307839846	44.0	228.96062095420763	45.45454545454545	16684.0
Germ-P3S2-Tabac-b_S227.ITS1.R2	64.8225845121074	44.0	231.00071925197796	45.45454545454545	16684.0
Germ-P3S2-Tabac-c_S228.ITS1.R1	85.02961766289715	44.0	228.9582361036319	45.45454545454545	16713.0
Germ-P3S2-Tabac-c_S228.ITS1.R2	63.72285047567762	43.0	231.00173517621013	45.45454545454545	16713.0
Germ-P4S1-ACN-a_S178.ITS1.R1	83.95766083627356	45.0	228.95578410029276	45.45454545454545	13321.0
Germ-P4S1-ACN-a_S178.ITS1.R2	58.53914871255912	45.0	231.00397868027926	54.54545454545454	13321.0
Germ-P4S1-ACN-b_S179.ITS1.R1	85.07264489923449	46.0	228.94914857053584	45.45454545454545	12802.0
Germ-P4S1-ACN-b_S179.ITS1.R2	58.334635213247935	46.0	231.00242149664115	54.54545454545454	12802.0
Germ-P4S1-ACN-c_S180.ITS1.R1	84.3842607836681	46.0	228.95143233454067	45.45454545454545	12148.0
Germ-P4S1-ACN-c_S180.ITS1.R2	57.91899901218308	46.0	231.00222258808034	54.54545454545454	12148.0
Germ-P4S1-Chanvre-a_S229.ITS1.R1	84.18831889851211	46.0	228.94788659412242	45.45454545454545	13509.0
Germ-P4S1-Chanvre-a_S229.ITS1.R2	58.968095343844844	46.0	231.0047375823525	54.54545454545454	13509.0
Germ-P4S1-Chanvre-b_S230.ITS1.R1	84.41515212036482	46.0	228.95699354237402	45.45454545454545	15021.0
Germ-P4S1-Chanvre-b_S230.ITS1.R2	60.02929232407962	45.0	231.00199720391453	45.45454545454545	15021.0
Germ-P4S1-Chanvre-c_S231.ITS1.R1	84.40155015650619	45.0	228.95640184826354	45.45454545454545	13418.0
Germ-P4S1-Chanvre-c_S231.ITS1.R2	59.382918467729915	45.0	231.00059621404085	45.45454545454545	13418.0
Germ-P4S1-Colza-a_S205.ITS1.R1	84.39441784659265	45.0	228.95344810023428	45.45454545454545	9817.0
Germ-P4S1-Colza-a_S205.ITS1.R2	61.872262401955794	45.0	231.00101864113273	54.54545454545454	9817.0
Germ-P4S1-Colza-b_S206.ITS1.R1	85.35051870480982	46.0	228.9551241747878	45.45454545454545	12724.0
Germ-P4S1-Colza-b_S206.ITS1.R2	63.4706067274442	46.0	231.00353662370324	45.45454545454545	12724.0
Germ-P4S1-Colza-c_S207.ITS1.R1	85.57362375055945	44.0	228.9572579442041	45.45454545454545	13406.0
Germ-P4S1-Colza-c_S207.ITS1.R2	65.17231090556467	44.0	231.00141727584665	45.45454545454545	13406.0
Germ-P4S1-Colza-myro-a_S208.ITS1.R1	81.4711496109235	45.0	228.9531639994127	45.45454545454545	6811.0
Germ-P4S1-Colza-myro-a_S208.ITS1.R2	53.54573484069887	46.0	231.0029364263691	54.54545454545454	6811.0
Germ-P4S1-Colza-myro-b_S209.ITS1.R1	84.29098005203817	46.0	228.95999566348655	45.45454545454545	9224.0
Germ-P4S1-Colza-myro-b_S209.ITS1.R2	57.83824804856895	46.0	231.00411968777104	54.54545454545454	9224.0
Germ-P4S1-Colza-myro-c_S210.ITS1.R1	85.60625371739314	45.0	228.95607103407255	45.45454545454545	11769.0
Germ-P4S1-Colza-myro-c_S210.ITS1.R2	62.97051576174697	45.0	231.00195428668536	54.54545454545454	11769.0
Germ-P4S1-GR24-a_S181.ITS1.R1	85.22187542407383	45.0	228.9555570633736	45.45454545454545	14738.0
Germ-P4S1-GR24-a_S181.ITS1.R2	58.60360971637943	45.0	231.00420681232188	54.54545454545454	14738.0
Germ-P4S1-GR24-b_S182.ITS1.R1	86.06525267222564	44.0	228.9576920924506	45.45454545454545	17869.0
Germ-P4S1-GR24-b_S182.ITS1.R2	62.1691197045162	43.0	231.00346969612178	45.45454545454545	17869.0
Germ-P4S1-GR24-c_S183.ITS1.R1	84.00991633095755	45.0	228.95405949798575	45.45454545454545	12908.0
Germ-P4S1-GR24-c_S183.ITS1.R2	58.87821506042764	46.0	231.0012395413697	54.54545454545454	12908.0
Germ-P4S1-Tabac-a_S232.ITS1.R1	84.54913121629718	45.0	228.9509436788496	45.45454545454545	13352.0
Germ-P4S1-Tabac-a_S232.ITS1.R2	60.08088675853805	45.0	231.00217195925703	54.54545454545454	13352.0
Germ-P4S1-Tabac-b_S233.ITS1.R1	83.50744427079049	45.0	228.95689726083737	45.45454545454545	12157.0
Germ-P4S1-Tabac-b_S233.ITS1.R2	58.879657810315045	45.0	231.00106934276548	45.45454545454545	12157.0
Germ-P4S1-Tabac-c_S234.ITS1.R1	84.09148665819568	45.0	228.95213892418468	45.45454545454545	11805.0
Germ-P4S1-Tabac-c_S234.ITS1.R2	60.635324015247775	45.0	231.00059296908088	54.54545454545454	11805.0
Germ-P6S1-ACN-a_S184.ITS1.R1	88.1881427707199	47.0	228.95367009477718	45.45454545454545	19836.0
Germ-P6S1-ACN-a_S184.ITS1.R2	70.13006654567454	46.0	231.00065537406735	45.45454545454545	19836.0
Germ-P6S1-ACN-b_S185.ITS1.R1	85.95162615944582	46.0	228.95409181636725	45.45454545454545	17034.0
Germ-P6S1-ACN-b_S185.ITS1.R2	64.21275096865094	44.0	231.00164377128095	45.45454545454545	17034.0
Germ-P6S1-ACN-c_S186.ITS1.R1	86.27050488287483	46.0	228.95532009957236	45.45454545454545	15667.0
Germ-P6S1-ACN-c_S186.ITS1.R2	64.67734729048318	44.0	231.00223399502138	45.45454545454545	15667.0
Germ-P6S1-Chanvre-a_S235.ITS1.R1	84.10422936797086	46.0	228.94527166165057	45.45454545454545	12626.0
Germ-P6S1-Chanvre-a_S235.ITS1.R2	57.183589418659906	46.0	231.0026928560114	54.54545454545454	12626.0
Germ-P6S1-Chanvre-b_S236.ITS1.R1	87.35887686458028	47.0	228.95618601930389	45.45454545454545	17095.0
Germ-P6S1-Chanvre-b_S236.ITS1.R2	66.22404211757825	46.0	231.00169640245687	45.45454545454545	17095.0
Germ-P6S1-Chanvre-c_S237.ITS1.R1	84.93639167309175	47.0	228.9502698535081	45.45454545454545	10376.0
Germ-P6S1-Chanvre-c_S237.ITS1.R2	59.358134155744025	47.0	231.0033731688512	54.54545454545454	10376.0
Germ-P6S1-Colza-a_S211.ITS1.R1	84.7035175879397	46.0	228.95685092127303	45.45454545454545	14925.0
Germ-P6S1-Colza-a_S211.ITS1.R2	61.70854271356784	44.0	230.9991959798995	45.45454545454545	14925.0
Germ-P6S1-Colza-b_S212.ITS1.R1	85.01656935458419	47.0	228.95179106832887	45.45454545454545	12674.0
Germ-P6S1-Colza-b_S212.ITS1.R2	59.38930093103993	46.0	231.0025248540319	45.45454545454545	12674.0
Germ-P6S1-Colza-c_S213.ITS1.R1	87.30546231309124	46.0	228.9594140982606	45.45454545454545	16385.0
Germ-P6S1-Colza-c_S213.ITS1.R2	66.54256942325297	45.0	231.0018309429356	45.45454545454545	16385.0
Germ-P6S1-Colza-myro-a_S214.ITS1.R1	84.67609828741624	43.0	228.9565897244974	45.45454545454545	13430.0
Germ-P6S1-Colza-myro-a_S214.ITS1.R2	62.643335815338794	42.0	231.00215934475057	45.45454545454545	13430.0
Germ-P6S1-Colza-myro-b_S215.ITS1.R1	83.99285167219811	46.0	228.95642924006467	45.45454545454545	11751.0
Germ-P6S1-Colza-myro-b_S215.ITS1.R2	59.654497489575355	45.0	231.00127648710748	45.45454545454545	11751.0
Germ-P6S1-Colza-myro-c_S216.ITS1.R1	85.82917022054343	45.0	228.95656147191423	45.45454545454545	16414.0
Germ-P6S1-Colza-myro-c_S216.ITS1.R2	65.7061045449007	43.0	231.00207140246133	45.45454545454545	16414.0
Germ-P6S1-GR24-a_S187.ITS1.R1	84.89719235987893	46.0	228.94875273979753	45.45454545454545	9581.0
Germ-P6S1-GR24-a_S187.ITS1.R2	58.730821417388576	46.0	231.00240058449015	54.54545454545454	9581.0
Germ-P6S1-GR24-b_S188.ITS1.R1	87.40121142197866	45.0	228.95852321892124	45.45454545454545	17335.0
Germ-P6S1-GR24-b_S188.ITS1.R2	66.66858955869628	44.0	231.00201903663108	45.45454545454545	17335.0
Germ-P6S1-GR24-c_S189.ITS1.R1	85.94585961830232	47.0	228.95352551305598	45.45454545454545	12523.0
Germ-P6S1-GR24-c_S189.ITS1.R2	63.80260321009343	47.0	231.00151720833665	45.45454545454545	12523.0
Germ-P6S1-Tabac-a_S238.ITS1.R1	82.9943113256335	45.0	228.95440441303222	45.45454545454545	11602.0
Germ-P6S1-Tabac-a_S238.ITS1.R2	60.12756421306671	43.0	230.99887950353389	45.45454545454545	11602.0
Germ-P6S1-Tabac-b_S239.ITS1.R1	82.71758839528559	45.0	228.9527425203989	45.45454545454545	8824.0
Germ-P6S1-Tabac-b_S239.ITS1.R2	56.07434270172257	44.0	231.0040797824116	54.54545454545454	8824.0
Germ-P6S1-Tabac-c_S240.ITS1.R1	84.25950311649548	45.0	228.9530330963041	45.45454545454545	11391.0
Germ-P6S1-Tabac-c_S240.ITS1.R2	59.60846282152576	45.0	231.00035115442014	45.45454545454545	11391.0
Seed-Control-a_S80.ITS1.R1	86.01943339756468	47.0	228.951088516256	54.54545454545454	24391.0
Seed-Control-a_S80.ITS1.R2	66.43844040834735	47.0	231.01967938993891	54.54545454545454	24391.0
Seed-H2O-a_S8.ITS1.R1	83.61971936669919	49.0	228.95745479102573	45.45454545454545	13327.0
Seed-H2O-a_S8.ITS1.R2	60.33615967584603	48.0	231.02206047872738	45.45454545454545	13327.0
Seed-H2O-b_S16.ITS1.R1	81.76009644364075	48.0	228.93918022905365	45.45454545454545	16590.0
Seed-H2O-b_S16.ITS1.R2	59.72272453285111	47.0	231.01416515973477	45.45454545454545	16590.0
Seed-H2O-c_S24.ITS1.R1	80.2549790688824	48.0	228.94431054167194	45.45454545454545	15766.0
Seed-H2O-c_S24.ITS1.R2	58.31536217176202	47.0	231.0179500190283	54.54545454545454	15766.0
Seed-Mock-a_S79.ITS1.R1	90.17782948313112	41.0	228.95288349675917	45.45454545454545	12034.0
Seed-Mock-a_S79.ITS1.R2	63.47847764666778	40.0	231.00415489446567	45.45454545454545	12034.0
Seed-P1S1-a_S1.ITS1.R1	87.49845634544931	49.0	228.95723047791546	45.45454545454545	24293.0
Seed-P1S1-a_S1.ITS1.R2	64.18309801177294	48.0	231.00193471370355	45.45454545454545	24293.0
Seed-P1S1-b_S9.ITS1.R1	86.06574761399787	49.0	228.9558854718982	45.45454545454545	18860.0
Seed-P1S1-b_S9.ITS1.R2	65.03181336161188	48.0	231.0010074231177	45.45454545454545	18860.0
Seed-P1S1-c_S17.ITS1.R1	86.60627913112303	49.0	228.95725969571717	45.45454545454545	22742.0
Seed-P1S1-c_S17.ITS1.R2	64.74804326796237	48.0	231.0014510597133	45.45454545454545	22742.0
Seed-P1S2-a_S25.ITS1.R1	86.41691084135621	49.0	228.95348472164085	45.45454545454545	19112.0
Seed-P1S2-a_S25.ITS1.R2	65.39870238593554	48.0	231.00219757220594	45.45454545454545	19112.0
Seed-P1S2-b_S33.ITS1.R1	86.253515033528	49.0	228.95992861778066	45.45454545454545	18492.0
Seed-P1S2-b_S33.ITS1.R2	64.4494916720744	48.0	231.00075708414448	45.45454545454545	18492.0
Seed-P1S2-c_S41.ITS1.R1	85.68115301783644	49.0	228.9563200618477	45.45454545454545	18109.0
Seed-P1S2-c_S41.ITS1.R2	63.49329062896902	48.0	230.9994477883925	45.45454545454545	18109.0
Seed-P1S3-a_S49.ITS1.R1	87.28671114959506	49.0	228.95655274283095	45.45454545454545	19633.0
Seed-P1S3-a_S49.ITS1.R2	66.37294351347222	48.0	231.00203738603372	45.45454545454545	19633.0
Seed-P1S3-b_S57.ITS1.R1	88.17778124026177	49.0	228.95590526643815	45.45454545454545	25672.0
Seed-P1S3-b_S57.ITS1.R2	67.10034278591462	48.0	231.00097382362105	45.45454545454545	25672.0
Seed-P1S3-c_S65.ITS1.R1	88.66276116623209	49.0	228.95618163963292	45.45454545454545	29531.0
Seed-P1S3-c_S65.ITS1.R2	66.79421624733331	48.0	231.00148995970335	45.45454545454545	29531.0
Seed-P1S4-a_S73.ITS1.R1	86.86533700780046	49.0	228.95576626652343	45.45454545454545	21409.0
Seed-P1S4-a_S73.ITS1.R2	65.9442290625438	48.0	231.00116773319633	45.45454545454545	21409.0
Seed-P1S4-b_S81.ITS1.R1	86.82353991784247	49.0	228.95445615288443	45.45454545454545	22396.0
Seed-P1S4-b_S81.ITS1.R2	64.93570280407215	48.0	231.00174138238972	45.45454545454545	22396.0
Seed-P1S4-c_S88.ITS1.R1	86.56894576012223	48.0	228.9572192513369	45.45454545454545	20944.0
Seed-P1S4-c_S88.ITS1.R2	64.4576012223071	48.0	230.99971352177235	45.45454545454545	20944.0
Seed-P2S1-a_S2.ITS1.R1	87.13336888544141	49.0	228.95694962912688	45.45454545454545	20627.0
Seed-P2S1-a_S2.ITS1.R2	63.53808115576671	48.0	231.00135744412663	45.45454545454545	20627.0
Seed-P2S1-b_S10.ITS1.R1	86.11909650924025	49.0	228.95552948078617	45.45454545454545	17045.0
Seed-P2S1-b_S10.ITS1.R2	66.13669697858609	48.0	231.0008800234673	45.45454545454545	17045.0
Seed-P2S1-c_S18.ITS1.R1	87.28287239204269	49.0	228.95919456574478	45.45454545454545	20610.0
Seed-P2S1-c_S18.ITS1.R2	65.53129548762737	48.0	231.0011159631247	45.45454545454545	20610.0
Seed-P2S2-a_S26.ITS1.R1	86.84958353748162	48.0	228.9548260656541	45.45454545454545	20410.0
Seed-P2S2-a_S26.ITS1.R2	66.04115629593338	47.0	231.00112689857912	45.45454545454545	20410.0
Seed-P2S2-b_S34.ITS1.R1	87.32793127013571	49.0	228.9578736698233	45.45454545454545	20486.0
Seed-P2S2-b_S34.ITS1.R2	64.6490286049009	48.0	231.0001952552963	45.45454545454545	20486.0
Seed-P2S2-c_S42.ITS1.R1	87.64514630747794	49.0	228.95902358466222	45.45454545454545	19377.0
Seed-P2S2-c_S42.ITS1.R2	65.03070650771534	48.0	231.00165144243175	45.45454545454545	19377.0
Seed-P2S3-a_S50.ITS1.R1	87.04023697852382	50.0	228.95670204887682	45.45454545454545	20255.0
Seed-P2S3-a_S50.ITS1.R2	65.42582078499136	48.0	231.00098741051593	45.45454545454545	20255.0
Seed-P2S3-b_S58.ITS1.R1	86.90442089181705	50.0	228.95741430344697	45.45454545454545	20946.0
Seed-P2S3-b_S58.ITS1.R2	65.69750787739903	48.0	231.00171870524204	45.45454545454545	20946.0
Seed-P2S3-c_S66.ITS1.R1	87.48486071861123	50.0	228.95608486969005	45.45454545454545	22293.0
Seed-P2S3-c_S66.ITS1.R2	65.86820975194007	48.0	230.99973085721976	45.45454545454545	22293.0
Seed-P2S4-a_S74.ITS1.R1	89.29714505184995	49.0	228.954807323006	45.45454545454545	23433.0
Seed-P2S4-a_S74.ITS1.R2	68.74066487432253	48.0	231.00196304357104	45.45454545454545	23433.0
Seed-P2S4-b_S82.ITS1.R1	88.3436458829129	49.0	228.95511661113756	45.45454545454545	21010.0
Seed-P2S4-b_S82.ITS1.R2	67.18705378391242	48.0	231.0029985721085	45.45454545454545	21010.0
Seed-P2S4-c_S89.ITS1.R1	88.55531453362256	49.0	228.95657266811278	45.45454545454545	23050.0
Seed-P2S4-c_S89.ITS1.R2	67.33188720173536	48.0	231.00268980477225	54.54545454545454	23050.0
Seed-P3S1-a_S3.ITS1.R1	87.96186524402292	48.0	228.96161825726142	45.45454545454545	20244.0
Seed-P3S1-a_S3.ITS1.R2	65.34281762497531	47.0	231.0003457814661	45.45454545454545	20244.0
Seed-P3S1-b_S11.ITS1.R1	87.38067376978506	48.0	228.9563342982078	45.45454545454545	16237.0
Seed-P3S1-b_S11.ITS1.R2	68.5840980476689	48.0	230.9995072981462	45.45454545454545	16237.0
Seed-P3S1-c_S19.ITS1.R1	87.41601125058597	48.0	228.95770613052764	45.45454545454545	19199.0
Seed-P3S1-c_S19.ITS1.R2	67.42538673889266	47.0	230.99953122558466	45.45454545454545	19199.0
Seed-P3S2-a_S27.ITS1.R1	87.2832742507251	48.0	228.95862068965516	45.45454545454545	15515.0
Seed-P3S2-a_S27.ITS1.R2	66.51627457299388	47.0	230.99954882371898	45.45454545454545	15515.0
Seed-P3S2-b_S35.ITS1.R1	87.7037037037037	48.0	228.95868945868946	45.45454545454545	17550.0
Seed-P3S2-b_S35.ITS1.R2	67.46438746438747	47.0	230.99988603988604	45.45454545454545	17550.0
Seed-P3S2-c_S43.ITS1.R1	87.34718491310784	48.0	228.9578422235623	45.45454545454545	18241.0
Seed-P3S2-c_S43.ITS1.R2	66.37793980593169	47.0	230.99978071377666	45.45454545454545	18241.0
Seed-P3S3-a_S51.ITS1.R1	88.37373737373737	48.0	228.95626262626263	45.45454545454545	19800.0
Seed-P3S3-a_S51.ITS1.R2	68.42929292929293	48.0	230.99984848484848	45.45454545454545	19800.0
Seed-P3S3-b_S59.ITS1.R1	88.51054852320675	48.0	228.9564135021097	45.45454545454545	23700.0
Seed-P3S3-b_S59.ITS1.R2	67.77215189873418	48.0	231.00012658227848	45.45454545454545	23700.0
Seed-P3S3-c_S67.ITS1.R1	88.36721670161364	48.0	228.95938554107028	45.45454545454545	21938.0
Seed-P3S3-c_S67.ITS1.R2	68.10101194274775	48.0	231.0003190810466	45.45454545454545	21938.0
Seed-P3S4-a_S75.ITS1.R1	86.5505476746274	48.0	228.95768240857126	45.45454545454545	16707.0
Seed-P3S4-a_S75.ITS1.R2	67.34901538277369	48.0	231.0006584066559	45.45454545454545	16707.0
Seed-P3S4-b_S83.ITS1.R1	87.17542905188189	48.0	228.95766358375786	45.45454545454545	20219.0
Seed-P3S4-b_S83.ITS1.R2	66.28913398288739	47.0	230.99920866511698	45.45454545454545	20219.0
Seed-P3S4-c_S90.ITS1.R1	87.40773480662983	48.0	228.9561546961326	45.45454545454545	22625.0
Seed-P3S4-c_S90.ITS1.R2	65.53812154696132	47.0	231.00083977900553	45.45454545454545	22625.0
Seed-P3S5-a_S4.ITS1.R1	88.45278246205734	48.0	228.95661888701517	45.45454545454545	23720.0
Seed-P3S5-a_S4.ITS1.R2	66.00758853288364	48.0	230.99924114671163	45.45454545454545	23720.0
Seed-P3S5-b_S12.ITS1.R1	88.22911980806718	49.0	228.95696506222822	45.45454545454545	20007.0
Seed-P3S5-b_S12.ITS1.R2	69.35072724546409	48.0	231.0017493877143	45.45454545454545	20007.0
Seed-P3S5-c_S20.ITS1.R1	86.98493575542756	48.0	228.9552503322995	45.45454545454545	18056.0
Seed-P3S5-c_S20.ITS1.R2	65.86176340274702	48.0	230.99966770048738	45.45454545454545	18056.0
Seed-P4S1-a_S28.ITS1.R1	86.99140401146131	49.0	228.95616045845273	45.45454545454545	17450.0
Seed-P4S1-a_S28.ITS1.R2	66.15472779369628	48.0	231.00160458452723	45.45454545454545	17450.0
Seed-P4S1-b_S36.ITS1.R1	86.63112783526707	47.0	228.95918260687782	45.45454545454545	19134.0
Seed-P4S1-b_S36.ITS1.R2	66.10222640326121	47.0	231.00135883767115	45.45454545454545	19134.0
Seed-P4S1-c_S44.ITS1.R1	86.15634235382743	48.0	228.95677116532423	45.45454545454545	17257.0
Seed-P4S1-c_S44.ITS1.R2	65.04027351219796	47.0	231.00104305499218	45.45454545454545	17257.0
Seed-P4S2-a_S52.ITS1.R1	86.96811136341199	48.0	228.95774508836016	45.45454545454545	20258.0
Seed-P4S2-a_S52.ITS1.R2	66.29479711718827	47.0	231.00024681607266	45.45454545454545	20258.0
Seed-P4S2-b_S60.ITS1.R1	87.12452540010574	48.0	228.95674532609218	45.45454545454545	20807.0
Seed-P4S2-b_S60.ITS1.R2	65.54044312010382	47.0	231.0020666121978	45.45454545454545	20807.0
Seed-P4S2-c_S68.ITS1.R1	87.74856172052975	48.0	228.95640758330438	45.45454545454545	25899.0
Seed-P4S2-c_S68.ITS1.R2	66.18788370207344	47.0	231.00223946870537	45.45454545454545	25899.0
Seed-P4S3-a_S76.ITS1.R1	87.66843181460703	49.0	228.9553819535469	45.45454545454545	19073.0
Seed-P4S3-a_S76.ITS1.R2	66.9218266659676	48.0	231.00209720547372	45.45454545454545	19073.0
Seed-P4S3-b_S84.ITS1.R1	88.28630217519107	49.0	228.95497746423672	45.45454545454545	20412.0
Seed-P4S3-b_S84.ITS1.R2	67.80815206741133	48.0	231.0007838526357	45.45454545454545	20412.0
Seed-P4S3-c_S91.ITS1.R1	88.86303191489361	49.0	228.95825945626478	45.45454545454545	27072.0
Seed-P4S3-c_S91.ITS1.R2	67.93365839243498	48.0	231.00099734042553	45.45454545454545	27072.0
Seed-P4S4-a_S5.ITS1.R1	88.38067349926794	48.0	228.96322108345535	45.45454545454545	17075.0
Seed-P4S4-a_S5.ITS1.R2	65.44655929721816	47.0	231.00163982430453	45.45454545454545	17075.0
Seed-P4S4-b_S13.ITS1.R1	87.38761395787488	48.0	228.9586293618359	45.45454545454545	15905.0
Seed-P4S4-b_S13.ITS1.R2	68.34957560515561	47.0	231.0009430996542	45.45454545454545	15905.0
Seed-P4S4-c_S21.ITS1.R1	87.56859549035588	48.0	228.95865254007063	45.45454545454545	18405.0
Seed-P4S4-c_S21.ITS1.R2	66.75903287150231	47.0	231.00206465634338	45.45454545454545	18405.0
Seed-P5S1-a_S29.ITS1.R1	87.43559913578196	48.0	228.96016841172235	45.45454545454545	18051.0
Seed-P5S1-a_S29.ITS1.R2	66.08498144147138	47.0	231.00105257326464	45.45454545454545	18051.0
Seed-P5S1-b_S37.ITS1.R1	86.92320506413459	48.0	228.95885390638014	45.45454545454545	18009.0
Seed-P5S1-b_S37.ITS1.R2	65.74490532511521	47.0	231.00116608362487	45.45454545454545	18009.0
Seed-P5S1-c_S45.ITS1.R1	86.73496470088645	48.0	228.9592335049631	45.45454545454545	18839.0
Seed-P5S1-c_S45.ITS1.R2	64.80704920643346	47.0	231.00180476670735	45.45454545454545	18839.0
Seed-P5S2-a_S53.ITS1.R1	87.60009257116408	48.0	228.95764869243231	45.45454545454545	21605.0
Seed-P5S2-a_S53.ITS1.R2	66.78083776903495	47.0	231.0005554269845	45.45454545454545	21605.0
Seed-P5S2-b_S61.ITS1.R1	86.82053156493134	48.0	228.959427706125	45.45454545454545	19151.0
Seed-P5S2-b_S61.ITS1.R2	65.80335230536264	47.0	231.00041773275547	45.45454545454545	19151.0
Seed-P5S2-c_S69.ITS1.R1	87.25007689941556	48.0	228.9584743155952	45.45454545454545	19506.0
Seed-P5S2-c_S69.ITS1.R2	66.1027376191941	47.0	231.0007177278786	45.45454545454545	19506.0
Seed-P6S1-a_S77.ITS1.R1	88.28322562517562	49.0	228.96024164091037	45.45454545454545	21354.0
Seed-P6S1-a_S77.ITS1.R2	67.69691861009647	48.0	230.99990634073242	45.45454545454545	21354.0
Seed-P6S1-b_S85.ITS1.R1	87.85147247119077	49.0	228.96030729833547	45.45454545454545	19525.0
Seed-P6S1-b_S85.ITS1.R2	65.73111395646606	48.0	231.0010243277849	45.45454545454545	19525.0
Seed-P6S1-c_S92.ITS1.R1	88.18744174222523	49.0	228.9598339123803	45.45454545454545	23602.0
Seed-P6S1-c_S92.ITS1.R2	65.36310482162529	48.0	231.00038132361664	45.45454545454545	23602.0
Seed-P6S2-a_S6.ITS1.R1	88.92312354783311	49.0	228.95933932720476	45.45454545454545	19798.0
Seed-P6S2-a_S6.ITS1.R2	66.55217698757451	48.0	231.00121224366097	45.45454545454545	19798.0
Seed-P6S2-b_S14.ITS1.R1	87.58786316776008	49.0	228.95770852858482	45.45454545454545	17072.0
Seed-P6S2-b_S14.ITS1.R2	68.99601686972821	48.0	231.00076148078725	45.45454545454545	17072.0
Seed-P6S2-c_S22.ITS1.R1	88.13171080887616	49.0	228.95585779050347	45.45454545454545	20955.0
Seed-P6S2-c_S22.ITS1.R2	68.4562157003102	48.0	231.00095442615128	45.45454545454545	20955.0
Seed-P6S3-a_S30.ITS1.R1	91.07137332549578	49.0	228.9559601522136	45.45454545454545	64646.0
Seed-P6S3-a_S30.ITS1.R2	70.46685023048603	48.0	231.0011446957275	54.54545454545454	64646.0
Seed-P6S3-b_S38.ITS1.R1	88.04195441092476	49.0	228.95835713173062	45.45454545454545	19259.0
Seed-P6S3-b_S38.ITS1.R2	67.12186510203023	48.0	231.00083078041436	45.45454545454545	19259.0
Seed-P6S3-c_S46.ITS1.R1	86.99020010562761	49.0	228.95909864444576	45.45454545454545	17041.0
Seed-P6S3-c_S46.ITS1.R2	64.47391585000881	48.0	231.00070418402677	45.45454545454545	17041.0
Seed-P7S1-a_S54.ITS1.R1	87.5247716177679	48.0	228.95877036106143	45.45454545454545	20689.0
Seed-P7S1-a_S54.ITS1.R2	66.41210304992993	48.0	231.0024650780608	45.45454545454545	20689.0
Seed-P7S1-b_S62.ITS1.R1	86.99788008914497	48.0	228.95662336250476	45.45454545454545	18397.0
Seed-P7S1-b_S62.ITS1.R2	65.69549383051584	48.0	231.00152198728054	45.45454545454545	18397.0
Seed-P7S1-c_S70.ITS1.R1	88.12376109626821	48.0	228.9561751271223	45.45454545454545	23206.0
Seed-P7S1-c_S70.ITS1.R2	67.54287684219598	48.0	231.00120658450402	45.45454545454545	23206.0
Seed-P7S2-a_S78.ITS1.R1	86.83782149667456	48.0	228.95539742337564	45.45454545454545	21501.0
Seed-P7S2-a_S78.ITS1.R2	65.28998651225524	47.0	230.9992093391005	45.45454545454545	21501.0
Seed-P7S2-b_S86.ITS1.R1	86.41545790290638	48.0	228.95803671787186	45.45454545454545	18683.0
Seed-P7S2-b_S86.ITS1.R2	63.50693143499438	47.0	231.00230155756572	45.45454545454545	18683.0
Seed-P7S2-c_S93.ITS1.R1	87.23766053608986	48.0	228.95695171611402	45.45454545454545	22347.0
Seed-P7S2-c_S93.ITS1.R2	64.91699109500156	47.0	231.00134246207546	45.45454545454545	22347.0
Seed-P7S3-a_S7.ITS1.R1	86.817738791423	48.0	228.96241471734893	45.45454545454545	16416.0
Seed-P7S3-a_S7.ITS1.R2	61.69590643274854	47.0	231.00140107212476	45.45454545454545	16416.0
Seed-P7S3-b_S15.ITS1.R1	86.68405829977883	48.0	228.95757953836556	45.45454545454545	17633.0
Seed-P7S3-b_S15.ITS1.R2	65.24698009414166	48.0	231.00079396585946	45.45454545454545	17633.0
Seed-P7S3-c_S23.ITS1.R1	86.18688334300639	48.0	228.95837070648446	45.45454545454545	18953.0
Seed-P7S3-c_S23.ITS1.R2	64.06901282118926	47.0	231.0030074394555	45.45454545454545	18953.0
Seed-P7S4-a_S31.ITS1.R1	87.03340798805525	48.0	228.95982642777156	45.45454545454545	21432.0
Seed-P7S4-a_S31.ITS1.R2	63.34453154162001	48.0	231.0017263904442	45.45454545454545	21432.0
Seed-P7S4-b_S39.ITS1.R1	86.12572851242007	48.0	228.95490295931648	45.45454545454545	17673.0
Seed-P7S4-b_S39.ITS1.R2	61.94760368924348	47.0	231.00107508628983	45.45454545454545	17673.0
Seed-P7S4-c_S47.ITS1.R1	85.64339686477952	48.0	228.95928724484043	45.45454545454545	17734.0
Seed-P7S4-c_S47.ITS1.R2	61.36799368444795	47.0	231.00124055486637	45.45454545454545	17734.0
Seed-PBS-a_S55.ITS1.R1	83.99734395750332	49.0	228.94825824905507	45.45454545454545	19578.0
Seed-PBS-a_S55.ITS1.R2	61.170701808152	48.0	231.00495454081113	45.45454545454545	19578.0
Seed-PBS-b_S63.ITS1.R1	83.46812710946952	49.0	228.95917977456537	45.45454545454545	15703.0
Seed-PBS-b_S63.ITS1.R2	59.899382283640065	48.0	231.00827867286506	45.45454545454545	15703.0
Seed-PBS-c_S71.ITS1.R1	83.52463067713768	49.0	228.9541435553847	45.45454545454545	18209.0
Seed-PBS-c_S71.ITS1.R2	59.662804107858754	48.0	231.00735899829755	45.45454545454545	18209.0
Seed-Pram-120-a_S32.ITS1.R1	86.40497294808334	49.0	228.95274548175433	45.45454545454545	17374.0
Seed-Pram-120-a_S32.ITS1.R2	65.25267641303097	47.0	231.00189938989294	45.45454545454545	17374.0
Seed-Pram-120-b_S40.ITS1.R1	86.26077252154505	49.0	228.95573191146383	45.45454545454545	16129.0
Seed-Pram-120-b_S40.ITS1.R2	64.74052948105896	47.0	231.00248000496	45.45454545454545	16129.0
Seed-Pram-120-c_S48.ITS1.R1	86.4633524176634	49.0	228.95646505300152	45.45454545454545	17641.0
Seed-Pram-120-c_S48.ITS1.R2	65.09268182075846	47.0	231.00198401451166	54.54545454545454	17641.0
Seed-Pram-120-d-a_S56.ITS1.R1	83.24098327624421	47.0	228.95128954261534	45.45454545454545	19852.0
Seed-Pram-120-d-a_S56.ITS1.R2	60.09470078581503	46.0	231.01365101752972	45.45454545454545	19852.0
Seed-Pram-120-d-b_S64.ITS1.R1	83.74578499171287	47.0	228.95513516602847	45.45454545454545	17497.0
Seed-Pram-120-d-b_S64.ITS1.R2	58.90724124135566	46.0	231.0137166371378	45.45454545454545	17497.0
Seed-Pram-120-d-c_S72.ITS1.R1	84.13888170931335	48.0	228.02196950116308	45.45454545454545	23214.0
Seed-Pram-120-d-c_S72.ITS1.R2	61.61368139915568	47.0	231.01141552511416	45.45454545454545	23214.0
Soil-Control-a_S154.ITS1.R1	82.76773909211106	50.0	228.93026786151512	45.45454545454545	20421.0
Soil-Control-a_S154.ITS1.R2	59.90891729102395	48.0	231.00205670633173	45.45454545454545	20421.0
Soil-Mock-a_S136.ITS1.R1	90.34344014944676	41.0	228.9517890501509	45.45454545454545	13918.0
Soil-Mock-a_S136.ITS1.R2	65.09555970685443	40.0	231.0044546630263	45.45454545454545	13918.0
Soil-P2S1-a_S95.ITS1.R1	83.90255697273771	47.0	228.9611920449737	45.45454545454545	16543.0
Soil-P2S1-a_S95.ITS1.R2	51.63513268451913	46.0	231.0003022426404	45.45454545454545	16543.0
Soil-P2S1-b_S101.ITS1.R1	83.06097828471155	48.0	228.95898223294583	45.45454545454545	18236.0
Soil-P2S1-b_S101.ITS1.R2	54.820135994735686	47.0	231.00115156832638	45.45454545454545	18236.0
Soil-P2S1-c_S107.ITS1.R1	80.64196089874525	50.0	228.91707032389846	45.45454545454545	17135.0
Soil-P2S1-c_S107.ITS1.R2	56.36416690983367	49.0	231.00215932302305	45.45454545454545	17135.0
Soil-P2S2-a_S113.ITS1.R1	83.09678991289516	48.0	228.958579521228	45.45454545454545	16417.0
Soil-P2S2-a_S113.ITS1.R2	55.4181640981909	47.0	231.00024364987513	54.54545454545454	16417.0
Soil-P2S2-b_S119.ITS1.R1	82.48545612080703	48.0	228.95667780665923	45.45454545454545	16158.0
Soil-P2S2-b_S119.ITS1.R2	54.251763832157444	47.0	231.00136155464784	45.45454545454545	16158.0
Soil-P2S2-c_S125.ITS1.R1	83.91219969216355	49.0	228.95998126212942	45.45454545454545	14943.0
Soil-P2S2-c_S125.ITS1.R2	55.43063641838988	48.0	231.00133841932677	54.54545454545454	14943.0
Soil-P2S3-a_S131.ITS1.R1	84.27487829729424	47.0	228.95731914411866	45.45454545454545	17666.0
Soil-P2S3-a_S131.ITS1.R2	57.370089437337256	47.0	231.00186799501867	45.45454545454545	17666.0
Soil-P2S3-b_S137.ITS1.R1	83.49716339942707	47.0	228.96028759197887	45.45454545454545	17803.0
Soil-P2S3-b_S137.ITS1.R2	54.77728472729315	47.0	231.002246812335	45.45454545454545	17803.0
Soil-P2S3-c_S143.ITS1.R1	83.80013831258644	47.0	228.95689257722452	45.45454545454545	17352.0
Soil-P2S3-c_S143.ITS1.R2	54.89280774550484	47.0	231.00126786537575	45.45454545454545	17352.0
Soil-P2S4-a_S149.ITS1.R1	82.86450622361134	48.0	228.95701047321378	45.45454545454545	18237.0
Soil-P2S4-a_S149.ITS1.R2	56.769205461424576	47.0	231.00060316938092	45.45454545454545	18237.0
Soil-P2S4-b_S155.ITS1.R1	84.46075303126995	49.0	228.95628589661774	45.45454545454545	18804.0
Soil-P2S4-b_S155.ITS1.R2	56.557115507338864	48.0	231.00106360348863	45.45454545454545	18804.0
Soil-P2S4-c_S160.ITS1.R1	83.97539044013251	49.0	228.96114529105537	45.45454545454545	21130.0
Soil-P2S4-c_S160.ITS1.R2	58.140085186938	47.0	231.00070989115002	45.45454545454545	21130.0
Soil-P3S1-a_S96.ITS1.R1	84.32391331897098	46.0	228.95811684197187	45.45454545454545	15782.0
Soil-P3S1-a_S96.ITS1.R2	55.14510201495374	45.0	231.00183753643392	54.54545454545454	15782.0
Soil-P3S1-b_S102.ITS1.R1	83.06186945423605	46.0	228.95697094931325	45.45454545454545	16454.0
Soil-P3S1-b_S102.ITS1.R2	57.590859365503825	45.0	231.0023702443175	45.45454545454545	16454.0
Soil-P3S1-c_S108.ITS1.R1	82.97162913132495	46.0	228.95466510675635	45.45454545454545	17095.0
Soil-P3S1-c_S108.ITS1.R2	56.79438432290143	45.0	231.0009359461831	45.45454545454545	17095.0
Soil-P3S2-a_S114.ITS1.R1	83.47977774906319	47.0	228.95399922470602	45.45454545454545	15478.0
Soil-P3S2-a_S114.ITS1.R2	59.24538054012146	46.0	231.00174441142266	45.45454545454545	15478.0
Soil-P3S2-b_S120.ITS1.R1	84.96438164194791	47.0	228.95597337381759	45.45454545454545	17126.0
Soil-P3S2-b_S120.ITS1.R2	60.87235781852154	46.0	231.00035034450542	45.45454545454545	17126.0
Soil-P3S2-c_S126.ITS1.R1	84.19695797886052	48.0	228.9566254189224	45.45454545454545	15516.0
Soil-P3S2-c_S126.ITS1.R2	57.86285125032225	47.0	231.0010311936066	45.45454545454545	15516.0
Soil-P3S3-a_S132.ITS1.R1	84.76021314387211	46.0	228.95610251205278	45.45454545454545	19705.0
Soil-P3S3-a_S132.ITS1.R2	59.48236488200964	46.0	231.00233443288505	45.45454545454545	19705.0
Soil-P3S3-b_S138.ITS1.R1	85.43126947040498	46.0	228.95580218068537	45.45454545454545	20544.0
Soil-P3S3-b_S138.ITS1.R2	58.75194704049844	46.0	231.0010221962617	45.45454545454545	20544.0
Soil-P3S3-c_S144.ITS1.R1	76.39739285008888	48.0	228.951148857726	36.36363636363637	15189.0
Soil-P3S3-c_S144.ITS1.R2	51.6360524063467	47.0	231.0034893673053	45.45454545454545	15189.0
Soil-P3S4-a_S150.ITS1.R1	80.14876234605535	48.0	228.9501890013413	45.45454545454545	16402.0
Soil-P3S4-a_S150.ITS1.R2	54.95061577856359	47.0	231.0023777588099	45.45454545454545	16402.0
Soil-P3S4-b_S156.ITS1.R1	83.45565368826968	47.0	228.95018037069286	45.45454545454545	16078.0
Soil-P3S4-b_S156.ITS1.R2	56.43114815275532	47.0	231.00080855827838	45.45454545454545	16078.0
Soil-P3S4-c_S161.ITS1.R1	83.2338464760708	46.0	228.95638286731594	45.45454545454545	19098.0
Soil-P3S4-c_S161.ITS1.R2	56.15771284951304	46.0	231.00167556812232	45.45454545454545	19098.0
Soil-P3S5-a_S97.ITS1.R1	77.16923722589445	45.0	228.94890357779877	45.45454545454545	9531.0
Soil-P3S5-a_S97.ITS1.R2	48.504878816493544	47.0	231.00461651453153	36.36363636363637	9531.0
Soil-P3S5-b_S103.ITS1.R1	80.926117430771	48.0	228.94030793979087	45.45454545454545	17406.0
Soil-P3S5-b_S103.ITS1.R2	56.170286108238535	48.0	230.99758703895208	45.45454545454545	17406.0
Soil-P3S5-c_S109.ITS1.R1	80.10631148041792	48.0	228.94250626260157	45.45454545454545	16367.0
Soil-P3S5-c_S109.ITS1.R2	55.892955336958515	47.0	231.001710759455	45.45454545454545	16367.0
Soil-P4S1-a_S115.ITS1.R1	81.6178888523512	48.0	228.95376520881288	45.45454545454545	15205.0
Soil-P4S1-a_S115.ITS1.R2	55.88951002959553	47.0	230.99848733969088	45.45454545454545	15205.0
Soil-P4S1-b_S121.ITS1.R1	81.87764524817237	48.0	228.95453379504937	45.45454545454545	15594.0
Soil-P4S1-b_S121.ITS1.R2	57.323329485699624	47.0	231.00294985250738	45.45454545454545	15594.0
Soil-P4S1-c_S127.ITS1.R1	80.87956527233666	48.0	228.9506508277518	45.45454545454545	15826.0
Soil-P4S1-c_S127.ITS1.R2	55.56678882851004	47.0	231.0006318716037	45.45454545454545	15826.0
Soil-P4S2-a_S133.ITS1.R1	81.93559907148384	48.0	228.9546455568121	45.45454545454545	16801.0
Soil-P4S2-a_S133.ITS1.R2	58.51437414439617	47.0	231.00309505386585	45.45454545454545	16801.0
Soil-P4S2-b_S139.ITS1.R1	81.02054563826204	48.0	228.9456045806669	45.45454545454545	17814.0
Soil-P4S2-b_S139.ITS1.R2	53.88458515774111	47.0	231.002862916807	45.45454545454545	17814.0
Soil-P4S2-c_S145.ITS1.R1	81.58613386836092	47.0	228.95541436772	45.45454545454545	17943.0
Soil-P4S2-c_S145.ITS1.R2	54.42233740177228	46.0	231.00250794181574	45.45454545454545	17943.0
Soil-P4S3-a_S151.ITS1.R1	80.7353388027955	48.0	228.94652081434214	45.45454545454545	16455.0
Soil-P4S3-a_S151.ITS1.R2	56.27468854451534	47.0	231.00127620783957	45.45454545454545	16455.0
Soil-P4S3-b_S157.ITS1.R1	80.51546970632826	47.0	228.94615082261777	45.45454545454545	17809.0
Soil-P4S3-b_S157.ITS1.R2	56.32545342242686	46.0	231.0014037846033	45.45454545454545	17809.0
Soil-P4S3-c_S162.ITS1.R1	82.00859828034393	48.0	228.94681063787243	45.45454545454545	20004.0
Soil-P4S3-c_S162.ITS1.R2	57.063587282543494	47.0	231.00099980004	45.45454545454545	20004.0
Soil-P4S4-a_S98.ITS1.R1	82.1769466927156	48.0	228.9466368964555	45.45454545454545	17915.0
Soil-P4S4-a_S98.ITS1.R2	53.335193971532235	46.0	231.00323751046608	54.54545454545454	17915.0
Soil-P4S4-b_S104.ITS1.R1	81.51765589782119	48.0	228.95220481997342	45.45454545454545	17303.0
Soil-P4S4-b_S104.ITS1.R2	55.81691036236491	47.0	231.00190718372536	45.45454545454545	17303.0
Soil-P4S4-c_S110.ITS1.R1	80.18948056190787	48.0	228.9513230970271	45.45454545454545	15305.0
Soil-P4S4-c_S110.ITS1.R2	54.91016007840575	47.0	231.0031362299902	45.45454545454545	15305.0
Soil-P5S1-a_S116.ITS1.R1	80.90073998468998	47.0	228.95119928553203	45.45454545454545	15676.0
Soil-P5S1-a_S116.ITS1.R2	55.67746874202603	47.0	231.0010206685379	45.45454545454545	15676.0
Soil-P5S1-b_S122.ITS1.R1	80.92942537601235	47.0	228.9529502506749	45.45454545454545	15558.0
Soil-P5S1-b_S122.ITS1.R2	55.3284483866821	47.0	231.00070703175214	45.45454545454545	15558.0
Soil-P5S1-c_S128.ITS1.R1	79.26132304614944	48.0	228.94613516216603	45.45454545454545	13998.0
Soil-P5S1-c_S128.ITS1.R2	52.97185312187455	47.0	231.00071438776968	45.45454545454545	13998.0
Soil-P5S2-a_S134.ITS1.R1	81.87798346722552	48.0	228.95208988240773	45.45454545454545	17178.0
Soil-P5S2-a_S134.ITS1.R2	58.516707416462914	47.0	231.00133892187682	45.45454545454545	17178.0
Soil-P5S2-b_S140.ITS1.R1	79.53089177590971	48.0	228.94615248956558	45.45454545454545	17011.0
Soil-P5S2-b_S140.ITS1.R2	55.34654047381106	47.0	231.00164599376873	45.45454545454545	17011.0
Soil-P5S2-c_S146.ITS1.R1	80.44240160873312	47.0	228.94926745188164	45.45454545454545	17405.0
Soil-P5S2-c_S146.ITS1.R2	55.673656995116346	46.0	231.00155127836828	45.45454545454545	17405.0
Soil-P6S1-a_S152.ITS1.R1	78.53757616790793	49.0	228.92356127285038	45.45454545454545	14770.0
Soil-P6S1-a_S152.ITS1.R2	51.86188219363575	48.0	231.00264048747462	45.45454545454545	14770.0
Soil-P6S1-b_S158.ITS1.R1	79.38895574274636	47.0	228.94705174488567	45.45454545454545	14958.0
Soil-P6S1-b_S158.ITS1.R2	50.233988501136515	46.0	231.00220617729644	45.45454545454545	14958.0
Soil-P6S1-c_S163.ITS1.R1	80.81124773428698	48.0	228.940038210944	45.45454545454545	20413.0
Soil-P6S1-c_S163.ITS1.R2	52.86827021995787	47.0	231.0016166168618	45.45454545454545	20413.0
Soil-P6S2-a_S99.ITS1.R1	82.67805927342256	45.0	228.9564412045889	45.45454545454545	16736.0
Soil-P6S2-a_S99.ITS1.R2	54.80999043977056	44.0	231.00185229445506	45.45454545454545	16736.0
Soil-P6S2-b_S105.ITS1.R1	81.49384885764499	45.0	228.95166959578208	45.45454545454545	17070.0
Soil-P6S2-b_S105.ITS1.R2	56.51435266549502	44.0	231.00234329232572	45.45454545454545	17070.0
Soil-P6S2-c_S111.ITS1.R1	80.65981687285944	45.0	228.95261061019082	45.45454545454545	14307.0
Soil-P6S2-c_S111.ITS1.R2	57.00705948137276	44.0	231.00300552177256	45.45454545454545	14307.0
Soil-P6S3-a_S117.ITS1.R1	81.3393021401852	47.0	228.9500827865334	45.45454545454545	16307.0
Soil-P6S3-a_S117.ITS1.R2	54.565524008094684	46.0	231.001839700742	45.45454545454545	16307.0
Soil-P6S3-b_S123.ITS1.R1	80.54108796296296	45.0	228.94972511574073	45.45454545454545	13824.0
Soil-P6S3-b_S123.ITS1.R2	55.16493055555556	43.0	231.0010127314815	45.45454545454545	13824.0
Soil-P6S3-c_S129.ITS1.R1	80.75739644970415	48.0	228.94467455621302	45.45454545454545	16900.0
Soil-P6S3-c_S129.ITS1.R2	54.68639053254438	47.0	231.00218934911243	45.45454545454545	16900.0
Soil-P7S1-a_S135.ITS1.R1	83.43780607247797	44.0	228.95768854064642	45.45454545454545	20420.0
Soil-P7S1-a_S135.ITS1.R2	58.20763956904995	43.0	231.00210577864837	45.45454545454545	20420.0
Soil-P7S1-b_S141.ITS1.R1	83.14907681787098	47.0	228.9558354228402	45.45454545454545	17548.0
Soil-P7S1-b_S141.ITS1.R2	57.46523820378391	46.0	231.00148165033053	45.45454545454545	17548.0
Soil-P7S1-c_S147.ITS1.R1	83.82505048514997	44.0	228.95552381421464	45.45454545454545	20303.0
Soil-P7S1-c_S147.ITS1.R2	59.65128306161651	43.0	231.00241343643796	45.45454545454545	20303.0
Soil-P7S2-a_S153.ITS1.R1	80.36922624301265	46.0	228.95064724919095	45.45454545454545	13596.0
Soil-P7S2-a_S153.ITS1.R2	51.66225360400118	44.0	231.00257428655488	45.45454545454545	13596.0
Soil-P7S2-b_S159.ITS1.R1	80.58834322059813	47.0	228.95351966240597	45.45454545454545	16351.0
Soil-P7S2-b_S159.ITS1.R2	51.13448718732799	45.0	231.0029356002691	45.45454545454545	16351.0
Soil-P7S2-c_S164.ITS1.R1	82.25998216585752	47.0	228.95447339740414	45.45454545454545	20186.0
Soil-P7S2-c_S164.ITS1.R2	53.21014564549688	46.0	231.00064401070048	45.45454545454545	20186.0
Soil-P7S3-a_S100.ITS1.R1	81.3018609522275	47.0	228.9524691855313	45.45454545454545	12413.0
Soil-P7S3-a_S100.ITS1.R2	49.15814065898655	44.0	231.00410859582695	36.36363636363637	12413.0
Soil-P7S3-b_S106.ITS1.R1	81.78207025469274	47.0	228.95544824363267	45.45454545454545	12839.0
Soil-P7S3-b_S106.ITS1.R2	52.76111846717034	44.0	231.00186930446296	45.45454545454545	12839.0
Soil-P7S3-c_S112.ITS1.R1	81.29599712798421	46.0	228.95775743433256	45.45454545454545	16713.0
Soil-P7S3-c_S112.ITS1.R2	54.849518339017536	46.0	231.00245318015916	45.45454545454545	16713.0
Soil-P7S4-a_S118.ITS1.R1	82.02372127501853	46.0	228.95607857672348	45.45454545454545	16188.0
Soil-P7S4-a_S118.ITS1.R2	54.36743266617247	45.0	231.0021003212256	45.45454545454545	16188.0
Soil-P7S4-b_S124.ITS1.R1	84.11738599800289	47.0	228.95678464440252	45.45454545454545	18026.0
Soil-P7S4-b_S124.ITS1.R2	58.443359591700876	46.0	231.0026073449462	45.45454545454545	18026.0
Soil-P7S4-c_S130.ITS1.R1	83.17594433399603	45.0	228.9557157057654	45.45454545454545	20120.0
Soil-P7S4-c_S130.ITS1.R2	53.95626242544731	45.0	231.00178926441353	45.45454545454545	20120.0
